-14.975	-0.000511251
-14.95	-0.000488535
-14.925	-0.00046357
-14.9	-0.000436475
-14.875	-0.000407347
-14.85	-0.000376276
-14.825	-0.000343381
-14.8	-0.000308766
-14.775	-0.000272518
-14.75	-0.000234737
-14.725	-0.000195538
-14.7	-0.000154992
-14.675	-0.000113208
-14.65	-7.02701e-05
-14.625	-2.62956e-05
-14.6	1.86543e-05
-14.575	6.4468e-05
-14.55	0.000111075
-14.525	0.000158374
-14.5	0.000206298
-14.475	0.000254723
-14.45	0.000303581
-14.425	0.000352823
-14.4	0.000402344
-14.375	0.00045205
-14.35	0.000501872
-14.325	0.000551739
-14.3	0.000601576
-14.275	0.000651314
-14.25	0.000700869
-14.225	0.000750172
-14.2	0.000799145
-14.175	0.000847769
-14.15	0.000895927
-14.125	0.000943563
-14.1	0.000990629
-14.075	0.00103707
-14.05	0.00108282
-14.025	0.00112784
-14	0.00117207
-13.975	0.00121545
-13.95	0.00125794
-13.925	0.0012995
-13.9	0.00134009
-13.875	0.00137967
-13.85	0.00141819
-13.825	0.00145564
-13.8	0.00149198
-13.775	0.00152716
-13.75	0.00156119
-13.725	0.00159402
-13.7	0.00162566
-13.675	0.00165606
-13.65	0.00168522
-13.625	0.00171313
-13.6	0.00173979
-13.575	0.00176519
-13.55	0.00178931
-13.525	0.00181216
-13.5	0.00183376
-13.475	0.00185407
-13.45	0.00187313
-13.425	0.00189096
-13.4	0.00190753
-13.375	0.00192288
-13.35	0.00193702
-13.325	0.00194998
-13.3	0.00196178
-13.275	0.00197244
-13.25	0.001982
-13.225	0.00199048
-13.2	0.00199794
-13.175	0.0020044
-13.15	0.00200991
-13.125	0.00201452
-13.1	0.00201825
-13.075	0.0020212
-13.05	0.00202339
-13.025	0.00202487
-13	0.00202572
-12.975	0.00202598
-12.95	0.0020257
-12.925	0.00202498
-12.9	0.00202386
-12.875	0.00202241
-12.85	0.00202066
-12.825	0.00201872
-12.8	0.00201664
-12.775	0.00201449
-12.75	0.00201233
-12.725	0.00201024
-12.7	0.00200828
-12.675	0.00200649
-12.65	0.00200497
-12.625	0.00200378
-12.6	0.00200296
-12.575	0.00200257
-12.55	0.0020027
-12.525	0.00200338
-12.5	0.00200465
-12.475	0.00200658
-12.45	0.00200921
-12.425	0.00201258
-12.4	0.00201673
-12.375	0.00202171
-12.35	0.00202756
-12.325	0.00203427
-12.3	0.00204191
-12.275	0.0020505
-12.25	0.00206004
-12.225	0.00207057
-12.2	0.00208211
-12.175	0.00209464
-12.15	0.00210821
-12.125	0.00212282
-12.1	0.00213845
-12.075	0.00215512
-12.05	0.00217283
-12.025	0.00219155
-12	0.00221128
-11.975	0.00223201
-11.95	0.00225372
-11.925	0.0022764
-11.9	0.00230001
-11.875	0.00232454
-11.85	0.00234996
-11.825	0.00237622
-11.8	0.00240331
-11.775	0.00243119
-11.75	0.0024598
-11.725	0.00248914
-11.7	0.00251913
-11.675	0.00254972
-11.65	0.0025809
-11.625	0.00261258
-11.6	0.00264475
-11.575	0.00267734
-11.55	0.00271032
-11.525	0.0027436
-11.5	0.00277716
-11.475	0.00281098
-11.45	0.00284498
-11.425	0.00287913
-11.4	0.00291341
-11.375	0.00294777
-11.35	0.00298219
-11.325	0.00301663
-11.3	0.00305108
-11.275	0.00308551
-11.25	0.00311991
-11.225	0.00315425
-11.2	0.00318855
-11.175	0.0032228
-11.15	0.00325697
-11.125	0.00329108
-11.1	0.00332515
-11.075	0.00335918
-11.05	0.00339316
-11.025	0.00342713
-11	0.00346111
-10.975	0.00349512
-10.95	0.00352918
-10.925	0.00356331
-10.9	0.00359753
-10.875	0.00363188
-10.85	0.0036664
-10.825	0.00370109
-10.8	0.00373598
-10.775	0.00377113
-10.75	0.00380652
-10.725	0.00384221
-10.7	0.00387821
-10.675	0.00391454
-10.65	0.00395123
-10.625	0.00398829
-10.6	0.00402572
-10.575	0.00406357
-10.55	0.00410183
-10.525	0.00414052
-10.5	0.00417965
-10.475	0.00421921
-10.45	0.0042592
-10.425	0.00429964
-10.4	0.0043405
-10.375	0.00438182
-10.35	0.00442352
-10.325	0.00446564
-10.3	0.00450813
-10.275	0.00455096
-10.25	0.00459413
-10.225	0.00463758
-10.2	0.00468128
-10.175	0.00472521
-10.15	0.00476932
-10.125	0.00481357
-10.1	0.00485791
-10.075	0.00490229
-10.05	0.00494668
-10.025	0.00499101
-10	0.00503525
-9.975	0.00507934
-9.95	0.00512322
-9.925	0.00516685
-9.9	0.00521016
-9.875	0.00525311
-9.85	0.00529562
-9.825	0.00533765
-9.8	0.00537915
-9.775	0.00542005
-9.75	0.00546031
-9.725	0.00549986
-9.7	0.00553866
-9.675	0.00557668
-9.65	0.00561381
-9.625	0.00565005
-9.6	0.00568535
-9.575	0.00571964
-9.55	0.00575292
-9.525	0.00578512
-9.5	0.00581622
-9.475	0.00584619
-9.45	0.00587499
-9.425	0.00590262
-9.4	0.00592902
-9.375	0.00595421
-9.35	0.00597815
-9.325	0.00600086
-9.3	0.00602231
-9.275	0.00604249
-9.25	0.00606143
-9.225	0.00607911
-9.2	0.00609556
-9.175	0.00611077
-9.15	0.00612476
-9.125	0.00613758
-9.1	0.00614921
-9.075	0.00615968
-9.05	0.00616903
-9.025	0.00617728
-9	0.00618447
-8.975	0.0061906
-8.95	0.00619573
-8.925	0.00619991
-8.9	0.00620312
-8.875	0.00620542
-8.85	0.00620685
-8.825	0.00620744
-8.8	0.00620721
-8.775	0.00620621
-8.75	0.00620445
-8.725	0.00620199
-8.7	0.00619883
-8.675	0.00619503
-8.65	0.00619059
-8.625	0.00618555
-8.6	0.00617993
-8.575	0.00617377
-8.55	0.00616707
-8.525	0.00615988
-8.5	0.00615219
-8.475	0.00614405
-8.45	0.00613548
-8.425	0.00612648
-8.4	0.00611709
-8.375	0.00610731
-8.35	0.00609719
-8.325	0.00608671
-8.3	0.00607593
-8.275	0.00606487
-8.25	0.00605351
-8.225	0.00604191
-8.2	0.00603008
-8.175	0.00601803
-8.15	0.00600581
-8.125	0.00599344
-8.1	0.00598091
-8.075	0.00596828
-8.05	0.00595558
-8.025	0.00594284
-8	0.00593009
-7.975	0.00591739
-7.95	0.00590475
-7.925	0.00589223
-7.9	0.00587989
-7.875	0.00586774
-7.85	0.00585585
-7.825	0.00584428
-7.8	0.00583305
-7.775	0.00582223
-7.75	0.00581187
-7.725	0.00580202
-7.7	0.00579273
-7.675	0.00578405
-7.65	0.00577603
-7.625	0.00576875
-7.6	0.00576219
-7.575	0.00575648
-7.55	0.0057516
-7.525	0.00574765
-7.5	0.00574465
-7.475	0.00574264
-7.45	0.00574165
-7.425	0.00574177
-7.4	0.00574298
-7.375	0.00574535
-7.35	0.0057489
-7.325	0.00575367
-7.3	0.00575966
-7.275	0.00576694
-7.25	0.00577551
-7.225	0.00578539
-7.2	0.00579661
-7.175	0.00580918
-7.15	0.00582311
-7.125	0.00583843
-7.1	0.00585515
-7.075	0.00587324
-7.05	0.00589275
-7.025	0.00591368
-7	0.005936
-6.975	0.00595972
-6.95	0.00598483
-6.925	0.00601133
-6.9	0.00603919
-6.875	0.00606841
-6.85	0.00609895
-6.825	0.00613081
-6.8	0.00616393
-6.775	0.0061983
-6.75	0.00623385
-6.725	0.00627055
-6.7	0.00630835
-6.675	0.00634719
-6.65	0.006387
-6.625	0.00642774
-6.6	0.00646931
-6.575	0.00651165
-6.55	0.00655468
-6.525	0.00659831
-6.5	0.00664246
-6.475	0.00668702
-6.45	0.00673189
-6.425	0.00677698
-6.4	0.00682216
-6.375	0.00686735
-6.35	0.00691239
-6.325	0.00695721
-6.3	0.0070016
-6.275	0.00704549
-6.25	0.0070887
-6.225	0.00713109
-6.2	0.00717253
-6.175	0.00721288
-6.15	0.00725194
-6.125	0.00728952
-6.1	0.00732549
-6.075	0.00735966
-6.05	0.00739185
-6.025	0.00742187
-6	0.00744953
-5.975	0.00747465
-5.95	0.00749702
-5.925	0.00751645
-5.9	0.00753276
-5.875	0.0075457
-5.85	0.00755512
-5.825	0.00756078
-5.8	0.00756247
-5.775	0.00756005
-5.75	0.00755322
-5.725	0.00754184
-5.7	0.00752566
-5.675	0.00750456
-5.65	0.00747826
-5.625	0.00744661
-5.6	0.00740942
-5.575	0.00736646
-5.55	0.00731764
-5.525	0.00726274
-5.5	0.00720155
-5.475	0.00713394
-5.45	0.0070598
-5.425	0.0069789
-5.4	0.00689118
-5.375	0.00679646
-5.35	0.00669465
-5.325	0.00658556
-5.3	0.00646921
-5.275	0.00634537
-5.25	0.00621401
-5.225	0.00607501
-5.2	0.00592836
-5.175	0.00577394
-5.15	0.00561169
-5.125	0.00544159
-5.1	0.00526357
-5.075	0.00507765
-5.05	0.00488382
-5.025	0.00468202
-5	0.00447227
-4.975	0.00425465
-4.95	0.00402916
-4.925	0.00379576
-4.9	0.00355468
-4.875	0.00330576
-4.85	0.00304931
-4.825	0.00278529
-4.8	0.0025138
-4.775	0.00223501
-4.75	0.00194905
-4.725	0.00165602
-4.7	0.00135601
-4.675	0.00104933
-4.65	0.000736052
-4.625	0.000416405
-4.6	9.0514e-05
-4.575	-0.000241315
-4.55	-0.000578977
-4.525	-0.00092217
-4.5	-0.0012707
-4.475	-0.00162431
-4.45	-0.00198275
-4.425	-0.00234565
-4.4	-0.00271289
-4.375	-0.00308413
-4.35	-0.00345907
-4.325	-0.00383737
-4.3	-0.00421879
-4.275	-0.00460296
-4.25	-0.0049895
-4.225	-0.00537811
-4.2	-0.00576845
-4.175	-0.00616025
-4.15	-0.00655301
-4.125	-0.00694643
-4.1	-0.00734014
-4.075	-0.00773375
-4.05	-0.00812677
-4.025	-0.00851897
-4	-0.00890988
-3.975	-0.00929912
-3.95	-0.00968622
-3.925	-0.0100709
-3.9	-0.0104525
-3.875	-0.0108309
-3.85	-0.0112055
-3.825	-0.0115758
-3.8	-0.0119417
-3.775	-0.0123023
-3.75	-0.0126577
-3.725	-0.013007
-3.7	-0.0133501
-3.675	-0.0136865
-3.65	-0.0140157
-3.625	-0.0143374
-3.6	-0.0146509
-3.575	-0.0149562
-3.55	-0.0152526
-3.525	-0.0155398
-3.5	-0.0158173
-3.475	-0.0160848
-3.45	-0.0163419
-3.425	-0.0165883
-3.4	-0.0168233
-3.375	-0.017047
-3.35	-0.0172587
-3.325	-0.0174581
-3.3	-0.017645
-3.275	-0.0178188
-3.25	-0.0179795
-3.225	-0.0181265
-3.2	-0.0182596
-3.175	-0.0183786
-3.15	-0.0184831
-3.125	-0.0185727
-3.1	-0.0186474
-3.075	-0.0187068
-3.05	-0.0187508
-3.025	-0.0187788
-3	-0.0187911
-2.975	-0.0187872
-2.95	-0.0187669
-2.925	-0.0187301
-2.9	-0.0186769
-2.875	-0.0186066
-2.85	-0.0185194
-2.825	-0.0184152
-2.8	-0.0182939
-2.775	-0.0181553
-2.75	-0.0179994
-2.725	-0.0178261
-2.7	-0.0176355
-2.675	-0.0174274
-2.65	-0.0172021
-2.625	-0.0169593
-2.6	-0.0166991
-2.575	-0.0164217
-2.55	-0.0161271
-2.525	-0.0158154
-2.5	-0.0154866
-2.475	-0.015141
-2.45	-0.0147787
-2.425	-0.0143999
-2.4	-0.0140047
-2.375	-0.0135935
-2.35	-0.0131665
-2.325	-0.0127239
-2.3	-0.012266
-2.275	-0.0117932
-2.25	-0.0113059
-2.225	-0.0108044
-2.2	-0.0102892
-2.175	-0.0097607
-2.15	-0.00921939
-2.125	-0.00866586
-2.1	-0.00810067
-2.075	-0.00752432
-2.05	-0.00693753
-2.025	-0.00634098
-2	-0.00573531
-1.975	-0.00512133
-1.95	-0.0044998
-1.925	-0.00387152
-1.9	-0.0032374
-1.875	-0.0025983
-1.85	-0.00195517
-1.825	-0.00130898
-1.8	-0.000660747
-1.775	-1.1496e-05
-1.75	0.000637698
-1.725	0.00128575
-1.7	0.00193149
-1.675	0.00257381
-1.65	0.00321151
-1.625	0.0038434
-1.6	0.00446827
-1.575	0.00508487
-1.55	0.00569198
-1.525	0.00628836
-1.5	0.00687276
-1.475	0.00744392
-1.45	0.00800063
-1.425	0.00854169
-1.4	0.00906584
-1.375	0.00957191
-1.35	0.0100587
-1.325	0.0105252
-1.3	0.0109702
-1.275	0.0113925
-1.25	0.0117914
-1.225	0.0121656
-1.2	0.0125144
-1.175	0.0128368
-1.15	0.013132
-1.125	0.0133993
-1.1	0.0136379
-1.075	0.0138472
-1.05	0.0140266
-1.025	0.0141757
-1	0.014294
-0.975	0.0143811
-0.95	0.0144368
-0.925	0.014461
-0.9	0.0144533
-0.875	0.0144137
-0.85	0.0143424
-0.825	0.0142394
-0.8	0.0141047
-0.775	0.0139389
-0.75	0.013742
-0.725	0.0135144
-0.7	0.0132568
-0.675	0.0129695
-0.65	0.0126531
-0.625	0.0123083
-0.6	0.0119357
-0.575	0.0115362
-0.55	0.0111106
-0.525	0.0106597
-0.5	0.0101844
-0.475	0.0096858
-0.45	0.00916478
-0.425	0.00862237
-0.4	0.00805986
-0.375	0.00747828
-0.35	0.00687872
-0.325	0.00626234
-0.3	0.00563067
-0.275	0.00498473
-0.25	0.00432541
-0.225	0.00365489
-0.2	0.00297391
-0.175	0.00228425
-0.15	0.00158586
-0.125	0.000882281
-0.1	0.000173316
-0.075	-0.000539295
-0.05	-0.00125454
-0.025	-0.00197024
1.77636e-15	0
