-14.975	0.109485
-14.95	0.108662
-14.925	0.107816
-14.9	0.106948
-14.875	0.106058
-14.85	0.105146
-14.825	0.104212
-14.8	0.103257
-14.775	0.102282
-14.75	0.101287
-14.725	0.100272
-14.7	0.0992382
-14.675	0.0981854
-14.65	0.0971144
-14.625	0.0960259
-14.6	0.0949202
-14.575	0.093798
-14.55	0.0926598
-14.525	0.0915063
-14.5	0.0903381
-14.475	0.0891557
-14.45	0.0879598
-14.425	0.0867512
-14.4	0.0855305
-14.375	0.0842984
-14.35	0.0830556
-14.325	0.0818027
-14.3	0.0805407
-14.275	0.0792702
-14.25	0.077992
-14.225	0.0767069
-14.2	0.0754157
-14.175	0.074119
-14.15	0.0728179
-14.125	0.071513
-14.1	0.0702051
-14.075	0.0688951
-14.05	0.0675837
-14.025	0.0662717
-14	0.0649599
-13.975	0.0636492
-13.95	0.0623402
-13.925	0.0610336
-13.9	0.0597305
-13.875	0.0584312
-13.85	0.0571367
-13.825	0.0558477
-13.8	0.0545649
-13.775	0.0532887
-13.75	0.0520202
-13.725	0.0507596
-13.7	0.0495079
-13.675	0.0482656
-13.65	0.0470331
-13.625	0.0458111
-13.6	0.0446002
-13.575	0.0434009
-13.55	0.0422136
-13.525	0.0410389
-13.5	0.0398772
-13.475	0.0387288
-13.45	0.0375945
-13.425	0.0364744
-13.4	0.0353689
-13.375	0.0342784
-13.35	0.0332032
-13.325	0.0321437
-13.3	0.0311001
-13.275	0.0300727
-13.25	0.0290619
-13.225	0.0280677
-13.2	0.0270905
-13.175	0.0261304
-13.15	0.0251876
-13.125	0.0242623
-13.1	0.0233547
-13.075	0.0224647
-13.05	0.0215927
-13.025	0.0207385
-13	0.0199024
-12.975	0.0190843
-12.95	0.0182843
-12.925	0.0175024
-12.9	0.0167386
-12.875	0.0159928
-12.85	0.015265
-12.825	0.0145551
-12.8	0.0138631
-12.775	0.0131888
-12.75	0.0125321
-12.725	0.0118929
-12.7	0.0112709
-12.675	0.0106661
-12.65	0.0100782
-12.625	0.00950708
-12.6	0.00895244
-12.575	0.00841409
-12.55	0.00789173
-12.525	0.00738512
-12.5	0.00689395
-12.475	0.00641796
-12.45	0.00595688
-12.425	0.00551031
-12.4	0.00507796
-12.375	0.0046595
-12.35	0.00425454
-12.325	0.00386277
-12.3	0.00348375
-12.275	0.00311716
-12.25	0.00276258
-12.225	0.00241962
-12.2	0.00208789
-12.175	0.00176693
-12.15	0.00145638
-12.125	0.00115577
-12.1	0.000864733
-12.075	0.000582804
-12.05	0.000309582
-12.025	4.45548e-05
-12	-0.000212621
-11.975	-0.000462405
-11.95	-0.000705239
-11.925	-0.000941628
-11.9	-0.00117185
-11.875	-0.00139649
-11.85	-0.00161593
-11.825	-0.00183062
-11.8	-0.00204095
-11.775	-0.00224733
-11.75	-0.00245024
-11.725	-0.00264999
-11.7	-0.00284717
-11.675	-0.003042
-11.65	-0.0032349
-11.625	-0.00342628
-11.6	-0.00361655
-11.575	-0.00380598
-11.55	-0.00399499
-11.525	-0.00418384
-11.5	-0.00437293
-11.475	-0.00456251
-11.45	-0.00475291
-11.425	-0.00494435
-11.4	-0.0051372
-11.375	-0.00533163
-11.35	-0.00552787
-11.325	-0.00572621
-11.3	-0.00592675
-11.275	-0.00612975
-11.25	-0.00633536
-11.225	-0.00654367
-11.2	-0.00675494
-11.175	-0.00696913
-11.15	-0.0071864
-11.125	-0.00740687
-11.1	-0.00763048
-11.075	-0.00785732
-11.05	-0.00808742
-11.025	-0.00832072
-11	-0.00855718
-10.975	-0.00879675
-10.95	-0.00903941
-10.925	-0.00928498
-10.9	-0.00953335
-10.875	-0.00978443
-10.85	-0.010038
-10.825	-0.010294
-10.8	-0.0105521
-10.775	-0.0108122
-10.75	-0.011074
-10.725	-0.0113373
-10.7	-0.0116019
-10.675	-0.0118674
-10.65	-0.0121337
-10.625	-0.0124004
-10.6	-0.0126673
-10.575	-0.012934
-10.55	-0.0132003
-10.525	-0.0134658
-10.5	-0.0137303
-10.475	-0.0139935
-10.45	-0.014255
-10.425	-0.0145146
-10.4	-0.014772
-10.375	-0.0150269
-10.35	-0.0152789
-10.325	-0.015528
-10.3	-0.0157737
-10.275	-0.0160159
-10.25	-0.0162543
-10.225	-0.0164887
-10.2	-0.0167188
-10.175	-0.0169446
-10.15	-0.0171657
-10.125	-0.017382
-10.1	-0.0175935
-10.075	-0.0177998
-10.05	-0.0180009
-10.025	-0.0181968
-10	-0.0183872
-9.975	-0.0185721
-9.95	-0.0187515
-9.925	-0.0189254
-9.9	-0.0190936
-9.875	-0.0192562
-9.85	-0.0194132
-9.825	-0.0195647
-9.8	-0.0197105
-9.775	-0.0198509
-9.75	-0.0199858
-9.725	-0.0201153
-9.7	-0.0202396
-9.675	-0.0203587
-9.65	-0.0204727
-9.625	-0.0205818
-9.6	-0.0206861
-9.575	-0.0207858
-9.55	-0.020881
-9.525	-0.0209719
-9.5	-0.0210587
-9.475	-0.0211416
-9.45	-0.0212208
-9.425	-0.0212965
-9.4	-0.0213688
-9.375	-0.0214381
-9.35	-0.0215046
-9.325	-0.0215684
-9.3	-0.0216298
-9.275	-0.021689
-9.25	-0.0217464
-9.225	-0.0218019
-9.2	-0.021856
-9.175	-0.0219088
-9.15	-0.0219607
-9.125	-0.0220117
-9.1	-0.0220621
-9.075	-0.022112
-9.05	-0.0221618
-9.025	-0.0222116
-9	-0.0222616
-8.975	-0.0223119
-8.95	-0.0223628
-8.925	-0.0224143
-8.9	-0.0224666
-8.875	-0.0225199
-8.85	-0.0225742
-8.825	-0.0226297
-8.8	-0.0226865
-8.775	-0.0227446
-8.75	-0.0228041
-8.725	-0.0228651
-8.7	-0.0229275
-8.675	-0.0229914
-8.65	-0.0230568
-8.625	-0.0231236
-8.6	-0.0231919
-8.575	-0.0232615
-8.55	-0.0233325
-8.525	-0.0234046
-8.5	-0.0234778
-8.475	-0.023552
-8.45	-0.023627
-8.425	-0.0237027
-8.4	-0.023779
-8.375	-0.0238555
-8.35	-0.0239322
-8.325	-0.0240088
-8.3	-0.0240851
-8.275	-0.0241608
-8.25	-0.0242359
-8.225	-0.02431
-8.2	-0.0243827
-8.175	-0.024454
-8.15	-0.0245236
-8.125	-0.0245911
-8.1	-0.0246564
-8.075	-0.0247191
-8.05	-0.024779
-8.025	-0.024836
-8	-0.0248897
-7.975	-0.0249399
-7.95	-0.0249865
-7.925	-0.025029
-7.9	-0.0250675
-7.875	-0.0251016
-7.85	-0.0251312
-7.825	-0.0251562
-7.8	-0.0251763
-7.775	-0.0251914
-7.75	-0.0252013
-7.725	-0.0252061
-7.7	-0.0252054
-7.675	-0.0251993
-7.65	-0.0251875
-7.625	-0.0251701
-7.6	-0.025147
-7.575	-0.025118
-7.55	-0.0250831
-7.525	-0.0250424
-7.5	-0.0249956
-7.475	-0.0249428
-7.45	-0.024884
-7.425	-0.0248191
-7.4	-0.0247481
-7.375	-0.024671
-7.35	-0.0245878
-7.325	-0.0244983
-7.3	-0.0244028
-7.275	-0.0243011
-7.25	-0.0241932
-7.225	-0.0240792
-7.2	-0.023959
-7.175	-0.0238327
-7.15	-0.0237002
-7.125	-0.0235616
-7.1	-0.0234169
-7.075	-0.0232662
-7.05	-0.0231094
-7.025	-0.0229466
-7	-0.0227778
-6.975	-0.022603
-6.95	-0.0224224
-6.925	-0.0222359
-6.9	-0.0220437
-6.875	-0.0218456
-6.85	-0.0216419
-6.825	-0.0214326
-6.8	-0.0212178
-6.775	-0.0209975
-6.75	-0.0207719
-6.725	-0.0205411
-6.7	-0.020305
-6.675	-0.020064
-6.65	-0.0198181
-6.625	-0.0195674
-6.6	-0.0193121
-6.575	-0.0190524
-6.55	-0.0187883
-6.525	-0.0185202
-6.5	-0.0182481
-6.475	-0.0179723
-6.45	-0.0176929
-6.425	-0.0174102
-6.4	-0.0171245
-6.375	-0.0168359
-6.35	-0.0165447
-6.325	-0.0162511
-6.3	-0.0159554
-6.275	-0.0156579
-6.25	-0.0153587
-6.225	-0.0150582
-6.2	-0.0147568
-6.175	-0.0144547
-6.15	-0.0141519
-6.125	-0.013849
-6.1	-0.0135463
-6.075	-0.0132438
-6.05	-0.012942
-6.025	-0.0126412
-6	-0.0123415
-5.975	-0.0120433
-5.95	-0.0117469
-5.925	-0.0114525
-5.9	-0.0111603
-5.875	-0.0108708
-5.85	-0.0105838
-5.825	-0.0103001
-5.8	-0.0100196
-5.775	-0.0097425
-5.75	-0.00946915
-5.725	-0.00919966
-5.7	-0.00893434
-5.675	-0.00867331
-5.65	-0.00841663
-5.625	-0.00816463
-5.6	-0.00791736
-5.575	-0.00767498
-5.55	-0.00743761
-5.525	-0.00720533
-5.5	-0.00697821
-5.475	-0.00675643
-5.45	-0.00653995
-5.425	-0.00632887
-5.4	-0.00612316
-5.375	-0.00592289
-5.35	-0.00572812
-5.325	-0.00553877
-5.3	-0.0053549
-5.275	-0.00517622
-5.25	-0.0050031
-5.225	-0.00483512
-5.2	-0.00467253
-5.175	-0.00451489
-5.15	-0.00436242
-5.125	-0.00421493
-5.1	-0.00407214
-5.075	-0.0039343
-5.05	-0.00380092
-5.025	-0.00367215
-5	-0.00354767
-4.975	-0.00342741
-4.95	-0.00331119
-4.925	-0.00319898
-4.9	-0.0030904
-4.875	-0.00298548
-4.85	-0.00288395
-4.825	-0.00278573
-4.8	-0.00269063
-4.775	-0.0025985
-4.75	-0.00250915
-4.725	-0.00242236
-4.7	-0.00233833
-4.675	-0.00225663
-4.65	-0.00217692
-4.625	-0.00209961
-4.6	-0.00202411
-4.575	-0.00195076
-4.55	-0.00187884
-4.525	-0.00180885
-4.5	-0.00174048
-4.475	-0.0016736
-4.45	-0.00160821
-4.425	-0.00154423
-4.4	-0.00148184
-4.375	-0.00142056
-4.35	-0.00136065
-4.325	-0.00130222
-4.3	-0.00124487
-4.275	-0.00118891
-4.25	-0.00113408
-4.225	-0.00108067
-4.2	-0.00102844
-4.175	-0.000977863
-4.15	-0.000927938
-4.125	-0.000879966
-4.1	-0.000832714
-4.075	-0.00078716
-4.05	-0.00074272
-4.025	-0.000699649
-4	-0.000657626
-3.975	-0.000617463
-3.95	-0.000578033
-3.925	-0.000539876
-3.9	-0.000503036
-3.875	-0.00046725
-3.85	-0.000432788
-3.825	-0.000399316
-3.8	-0.00036668
-3.775	-0.000334803
-3.75	-0.000303549
-3.725	-0.000273044
-3.7	-0.00024296
-3.675	-0.000213048
-3.65	-0.000183525
-3.625	-0.000153876
-3.6	-0.000123875
-3.575	-9.35893e-05
-3.55	-6.19e-05
-3.525	-2.95902e-05
-3.5	3.72172e-06
-3.475	3.87388e-05
-3.45	7.53625e-05
-3.425	0.000114177
-3.4	0.000155854
-3.375	0.000199715
-3.35	0.000246888
-3.325	0.000297254
-3.3	0.000351659
-3.275	0.000409774
-3.25	0.000472484
-3.225	0.000539706
-3.2	0.000612234
-3.175	0.000689894
-3.15	0.000773428
-3.125	0.000861985
-3.1	0.00095739
-3.075	0.00105896
-3.05	0.00116726
-3.025	0.00128235
-3	0.00140436
-2.975	0.00153332
-2.95	0.00166939
-2.925	0.00181276
-2.9	0.00196344
-2.875	0.00212098
-2.85	0.00228592
-2.825	0.00245782
-2.8	0.00263614
-2.775	0.00282116
-2.75	0.00301277
-2.725	0.00321005
-2.7	0.00341296
-2.675	0.00362106
-2.65	0.00383388
-2.625	0.00405071
-2.6	0.00427099
-2.575	0.00449417
-2.55	0.00471931
-2.525	0.0049459
-2.5	0.00517323
-2.475	0.00539972
-2.45	0.00562542
-2.425	0.00584866
-2.4	0.0060688
-2.375	0.00628477
-2.35	0.00649533
-2.325	0.00669955
-2.3	0.0068963
-2.275	0.00708436
-2.25	0.00726275
-2.225	0.00743023
-2.2	0.00758561
-2.175	0.00772797
-2.15	0.00785602
-2.125	0.00796876
-2.1	0.0080651
-2.075	0.00814413
-2.05	0.00820487
-2.025	0.00824647
-2	0.00826794
-1.975	0.00826883
-1.95	0.00824788
-1.925	0.00820517
-1.9	0.00814
-1.875	0.00805188
-1.85	0.00794052
-1.825	0.00780584
-1.8	0.00764781
-1.775	0.00746633
-1.75	0.00726165
-1.725	0.00703418
-1.7	0.00678428
-1.675	0.00651257
-1.65	0.00621967
-1.625	0.00590648
-1.6	0.0055739
-1.575	0.00522303
-1.55	0.004855
-1.525	0.00447114
-1.5	0.00407288
-1.475	0.00366171
-1.45	0.00323926
-1.425	0.00280725
-1.4	0.00236745
-1.375	0.00192178
-1.35	0.00147212
-1.325	0.0010205
-1.3	0.000568948
-1.275	0.000119576
-1.25	-0.000325469
-1.225	-0.000764034
-1.2	-0.00119401
-1.175	-0.0016133
-1.15	-0.00201958
-1.125	-0.00241074
-1.1	-0.00278476
-1.075	-0.0031394
-1.05	-0.0034727
-1.025	-0.00378262
-1	-0.00406735
-0.975	-0.00432474
-0.95	-0.00455315
-0.925	-0.00475075
-0.9	-0.00491595
-0.875	-0.00504722
-0.85	-0.00514302
-0.825	-0.00520211
-0.8	-0.00522328
-0.775	-0.0052052
-0.75	-0.00514712
-0.725	-0.00504793
-0.7	-0.00490708
-0.675	-0.00472378
-0.65	-0.00449763
-0.625	-0.00422839
-0.6	-0.00391598
-0.575	-0.00355923
-0.55	-0.00315996
-0.525	-0.00271716
-0.5	-0.00223166
-0.475	-0.00170329
-0.45	-0.00113349
-0.425	-0.00052263
-0.4	0.000128708
-0.375	0.000819075
-0.35	0.001548
-0.325	0.00231313
-0.3	0.00311366
-0.275	0.00394944
-0.25	0.00481697
-0.225	0.00571437
-0.2	0.0066425
-0.175	0.00759593
-0.15	0.00857663
-0.125	0.00958062
-0.1	0.0106033
-0.075	0.0116469
-0.05	0.0127046
-0.025	0.0137789
1.77636e-15	0
