-14.975	-0.025157
-14.95	-0.0256206
-14.925	-0.02607
-14.9	-0.0265054
-14.875	-0.0269267
-14.85	-0.0273341
-14.825	-0.0277277
-14.8	-0.0281075
-14.775	-0.0284737
-14.75	-0.0288265
-14.725	-0.0291659
-14.7	-0.0294922
-14.675	-0.0298055
-14.65	-0.0301059
-14.625	-0.0303936
-14.6	-0.0306689
-14.575	-0.0309319
-14.55	-0.0311828
-14.525	-0.0314218
-14.5	-0.0316492
-14.475	-0.0318652
-14.45	-0.0320699
-14.425	-0.0322638
-14.4	-0.032447
-14.375	-0.0326197
-14.35	-0.0327822
-14.325	-0.0329349
-14.3	-0.033078
-14.275	-0.0332118
-14.25	-0.0333365
-14.225	-0.0334526
-14.2	-0.0335602
-14.175	-0.0336598
-14.15	-0.0337516
-14.125	-0.0338358
-14.1	-0.033913
-14.075	-0.0339834
-14.05	-0.0340473
-14.025	-0.0341051
-14	-0.0341571
-13.975	-0.0342036
-13.95	-0.034245
-13.925	-0.0342815
-13.9	-0.0343136
-13.875	-0.0343415
-13.85	-0.0343655
-13.825	-0.0343861
-13.8	-0.0344035
-13.775	-0.034418
-13.75	-0.0344299
-13.725	-0.0344395
-13.7	-0.0344472
-13.675	-0.0344532
-13.65	-0.0344578
-13.625	-0.0344613
-13.6	-0.0344639
-13.575	-0.0344659
-13.55	-0.0344675
-13.525	-0.034469
-13.5	-0.0344706
-13.475	-0.0344724
-13.45	-0.0344747
-13.425	-0.0344777
-13.4	-0.0344815
-13.375	-0.0344863
-13.35	-0.0344921
-13.325	-0.0344992
-13.3	-0.0345076
-13.275	-0.0345174
-13.25	-0.0345286
-13.225	-0.0345415
-13.2	-0.0345558
-13.175	-0.0345718
-13.15	-0.0345895
-13.125	-0.0346088
-13.1	-0.0346297
-13.075	-0.0346522
-13.05	-0.0346763
-13.025	-0.0347019
-13	-0.0347289
-12.975	-0.0347574
-12.95	-0.0347872
-12.925	-0.0348181
-12.9	-0.0348502
-12.875	-0.0348832
-12.85	-0.0349172
-12.825	-0.0349518
-12.8	-0.0349871
-12.775	-0.0350228
-12.75	-0.0350587
-12.725	-0.0350948
-12.7	-0.0351309
-12.675	-0.0351668
-12.65	-0.0352022
-12.625	-0.0352371
-12.6	-0.0352713
-12.575	-0.0353044
-12.55	-0.0353364
-12.525	-0.035367
-12.5	-0.035396
-12.475	-0.0354232
-12.45	-0.0354484
-12.425	-0.0354713
-12.4	-0.0354918
-12.375	-0.0355095
-12.35	-0.0355243
-12.325	-0.035536
-12.3	-0.0355442
-12.275	-0.0355487
-12.25	-0.0355494
-12.225	-0.0355459
-12.2	-0.035538
-12.175	-0.0355253
-12.15	-0.0355078
-12.125	-0.0354851
-12.1	-0.0354569
-12.075	-0.035423
-12.05	-0.0353831
-12.025	-0.0353369
-12	-0.0352843
-11.975	-0.0352249
-11.95	-0.0351584
-11.925	-0.0350846
-11.9	-0.0350034
-11.875	-0.0349143
-11.85	-0.0348171
-11.825	-0.0347117
-11.8	-0.0345976
-11.775	-0.0344748
-11.75	-0.0343429
-11.725	-0.0342018
-11.7	-0.0340511
-11.675	-0.0338908
-11.65	-0.0337204
-11.625	-0.0335399
-11.6	-0.033349
-11.575	-0.0331476
-11.55	-0.0329353
-11.525	-0.032712
-11.5	-0.0324776
-11.475	-0.0322318
-11.45	-0.0319744
-11.425	-0.0317054
-11.4	-0.0314245
-11.375	-0.0311316
-11.35	-0.0308266
-11.325	-0.0305093
-11.3	-0.0301796
-11.275	-0.0298374
-11.25	-0.0294826
-11.225	-0.0291152
-11.2	-0.028735
-11.175	-0.0283419
-11.15	-0.027936
-11.125	-0.0275172
-11.1	-0.0270855
-11.075	-0.0266409
-11.05	-0.0261833
-11.025	-0.0257128
-11	-0.0252295
-10.975	-0.0247332
-10.95	-0.0242242
-10.925	-0.0237025
-10.9	-0.0231681
-10.875	-0.0226212
-10.85	-0.0220619
-10.825	-0.0214902
-10.8	-0.0209063
-10.775	-0.0203102
-10.75	-0.0197024
-10.725	-0.0190827
-10.7	-0.0184515
-10.675	-0.0178088
-10.65	-0.017155
-10.625	-0.0164901
-10.6	-0.0158146
-10.575	-0.0151285
-10.55	-0.0144321
-10.525	-0.0137256
-10.5	-0.0130094
-10.475	-0.0122836
-10.45	-0.0115488
-10.425	-0.0108049
-10.4	-0.0100524
-10.375	-0.00929157
-10.35	-0.00852276
-10.325	-0.00774624
-10.3	-0.00696231
-10.275	-0.0061714
-10.25	-0.00537373
-10.225	-0.00456967
-10.2	-0.00375961
-10.175	-0.00294382
-10.15	-0.00212269
-10.125	-0.00129657
-10.1	-0.000465785
-10.075	0.000369341
-10.05	0.00120841
-10.025	0.0020511
-10	0.00289702
-9.975	0.00374586
-9.95	0.00459726
-9.925	0.00545093
-9.9	0.00630647
-9.875	0.00716353
-9.85	0.0080218
-9.825	0.00888093
-9.8	0.00974051
-9.775	0.0106003
-9.75	0.0114599
-9.725	0.0123189
-9.7	0.0131772
-9.675	0.0140342
-9.65	0.0148897
-9.625	0.0157434
-9.6	0.0165949
-9.575	0.0174437
-9.55	0.0182898
-9.525	0.0191326
-9.5	0.0199719
-9.475	0.0208074
-9.45	0.0216386
-9.425	0.0224653
-9.4	0.0232872
-9.375	0.0241038
-9.35	0.0249149
-9.325	0.0257203
-9.3	0.0265194
-9.275	0.027312
-9.25	0.0280978
-9.225	0.0288765
-9.2	0.0296477
-9.175	0.0304112
-9.15	0.0311665
-9.125	0.0319135
-9.1	0.0326517
-9.075	0.0333809
-9.05	0.0341007
-9.025	0.0348108
-9	0.035511
-8.975	0.0362008
-8.95	0.03688
-8.925	0.0375484
-8.9	0.0382054
-8.875	0.038851
-8.85	0.0394846
-8.825	0.0401061
-8.8	0.0407151
-8.775	0.0413113
-8.75	0.0418944
-8.725	0.0424641
-8.7	0.0430201
-8.675	0.0435621
-8.65	0.0440898
-8.625	0.0446029
-8.6	0.0451012
-8.575	0.0455842
-8.55	0.0460519
-8.525	0.0465038
-8.5	0.0469398
-8.475	0.0473595
-8.45	0.0477627
-8.425	0.0481492
-8.4	0.0485187
-8.375	0.0488709
-8.35	0.0492057
-8.325	0.0495228
-8.3	0.0498221
-8.275	0.0501033
-8.25	0.0503662
-8.225	0.0506107
-8.2	0.0508367
-8.175	0.0510438
-8.15	0.0512321
-8.125	0.0514014
-8.1	0.0515516
-8.075	0.0516826
-8.05	0.0517942
-8.025	0.0518866
-8	0.0519595
-7.975	0.052013
-7.95	0.0520469
-7.925	0.0520613
-7.9	0.0520562
-7.875	0.0520317
-7.85	0.0519876
-7.825	0.0519242
-7.8	0.0518413
-7.775	0.0517391
-7.75	0.0516177
-7.725	0.0514771
-7.7	0.0513175
-7.675	0.051139
-7.65	0.0509416
-7.625	0.0507256
-7.6	0.0504911
-7.575	0.0502382
-7.55	0.0499672
-7.525	0.0496782
-7.5	0.0493714
-7.475	0.049047
-7.45	0.0487053
-7.425	0.0483464
-7.4	0.0479706
-7.375	0.0475782
-7.35	0.0471693
-7.325	0.0467444
-7.3	0.0463037
-7.275	0.0458473
-7.25	0.0453756
-7.225	0.0448892
-7.2	0.044388
-7.175	0.0438726
-7.15	0.0433431
-7.125	0.0428001
-7.1	0.0422438
-7.075	0.0416747
-7.05	0.041093
-7.025	0.0404993
-7	0.0398939
-6.975	0.0392772
-6.95	0.0386496
-6.925	0.0380116
-6.9	0.0373635
-6.875	0.0367059
-6.85	0.0360392
-6.825	0.0353639
-6.8	0.0346803
-6.775	0.0339892
-6.75	0.0332908
-6.725	0.0325855
-6.7	0.0318742
-6.675	0.0311569
-6.65	0.0304344
-6.625	0.0297072
-6.6	0.0289757
-6.575	0.0282405
-6.55	0.027502
-6.525	0.0267608
-6.5	0.0260174
-6.475	0.0252722
-6.45	0.024526
-6.425	0.023779
-6.4	0.023032
-6.375	0.0222852
-6.35	0.0215395
-6.325	0.0207951
-6.3	0.0200527
-6.275	0.0193125
-6.25	0.0185754
-6.225	0.0178417
-6.2	0.0171118
-6.175	0.0163864
-6.15	0.0156658
-6.125	0.0149505
-6.1	0.0142409
-6.075	0.0135376
-6.05	0.012841
-6.025	0.0121514
-6	0.0114693
-5.975	0.0107951
-5.95	0.0101291
-5.925	0.00947188
-5.9	0.00882358
-5.875	0.00818464
-5.85	0.00755543
-5.825	0.00693631
-5.8	0.00632706
-5.775	0.00572903
-5.75	0.00514148
-5.725	0.00456512
-5.7	0.00399974
-5.675	0.00344632
-5.65	0.00290439
-5.625	0.00237456
-5.6	0.00185644
-5.575	0.00135063
-5.55	0.000857055
-5.525	0.0003757
-5.5	-9.31473e-05
-5.475	-0.000549443
-5.45	-0.000993465
-5.425	-0.00142502
-5.4	-0.00184393
-5.375	-0.00225059
-5.35	-0.00264501
-5.325	-0.00302666
-5.3	-0.00339639
-5.275	-0.00375387
-5.25	-0.00409959
-5.225	-0.00443352
-5.2	-0.00475526
-5.175	-0.00506574
-5.15	-0.00536492
-5.125	-0.00565306
-5.1	-0.00593009
-5.075	-0.00619653
-5.05	-0.00645264
-5.025	-0.00669845
-5	-0.00693462
-4.975	-0.00716105
-4.95	-0.00737816
-4.925	-0.00758641
-4.9	-0.0077861
-4.875	-0.00797744
-4.85	-0.00816049
-4.825	-0.00833629
-4.8	-0.00850473
-4.775	-0.0086663
-4.75	-0.00882107
-4.725	-0.00896998
-4.7	-0.00911287
-4.675	-0.00925036
-4.65	-0.00938273
-4.625	-0.00951053
-4.6	-0.0096337
-4.575	-0.00975318
-4.55	-0.00986893
-4.525	-0.00998135
-4.5	-0.0100908
-4.475	-0.0101981
-4.45	-0.0103029
-4.425	-0.010406
-4.4	-0.0105075
-4.375	-0.0106079
-4.35	-0.0107072
-4.325	-0.0108061
-4.3	-0.0109049
-4.275	-0.0110036
-4.25	-0.0111024
-4.225	-0.0112018
-4.2	-0.0113023
-4.175	-0.0114038
-4.15	-0.0115065
-4.125	-0.0116102
-4.1	-0.0117165
-4.075	-0.011824
-4.05	-0.0119337
-4.025	-0.0120458
-4	-0.0121594
-3.975	-0.012277
-3.95	-0.0123958
-3.925	-0.0125174
-3.9	-0.0126424
-3.875	-0.0127696
-3.85	-0.0128997
-3.825	-0.0130328
-3.8	-0.0131685
-3.775	-0.0133072
-3.75	-0.0134489
-3.725	-0.0135931
-3.7	-0.01374
-3.675	-0.0138899
-3.65	-0.0140423
-3.625	-0.0141972
-3.6	-0.0143547
-3.575	-0.0145148
-3.55	-0.0146768
-3.525	-0.0148413
-3.5	-0.0150076
-3.475	-0.015176
-3.45	-0.0153459
-3.425	-0.0155176
-3.4	-0.0156909
-3.375	-0.0158653
-3.35	-0.0160411
-3.325	-0.0162177
-3.3	-0.0163954
-3.275	-0.0165736
-3.25	-0.0167522
-3.225	-0.0169316
-3.2	-0.0171107
-3.175	-0.0172897
-3.15	-0.017469
-3.125	-0.0176477
-3.1	-0.0178255
-3.075	-0.018003
-3.05	-0.0181795
-3.025	-0.0183548
-3	-0.0185288
-2.975	-0.0187012
-2.95	-0.0188721
-2.925	-0.019041
-2.9	-0.0192079
-2.875	-0.0193725
-2.85	-0.0195346
-2.825	-0.019694
-2.8	-0.0198506
-2.775	-0.020004
-2.75	-0.0201541
-2.725	-0.0203008
-2.7	-0.0204437
-2.675	-0.0205827
-2.65	-0.0207175
-2.625	-0.0208478
-2.6	-0.0209736
-2.575	-0.0210944
-2.55	-0.0212101
-2.525	-0.0213203
-2.5	-0.0214248
-2.475	-0.0215234
-2.45	-0.0216157
-2.425	-0.0217014
-2.4	-0.0217802
-2.375	-0.0218518
-2.35	-0.0219158
-2.325	-0.021972
-2.3	-0.0220198
-2.275	-0.022059
-2.25	-0.0220893
-2.225	-0.0221101
-2.2	-0.0221212
-2.175	-0.0221221
-2.15	-0.0221124
-2.125	-0.0220917
-2.1	-0.0220597
-2.075	-0.0220159
-2.05	-0.0219599
-2.025	-0.0218911
-2	-0.0218096
-1.975	-0.0217148
-1.95	-0.021606
-1.925	-0.0214832
-1.9	-0.0213461
-1.875	-0.0211943
-1.85	-0.0210274
-1.825	-0.0208453
-1.8	-0.0206476
-1.775	-0.0204343
-1.75	-0.020205
-1.725	-0.0199598
-1.7	-0.0196983
-1.675	-0.0194206
-1.65	-0.0191267
-1.625	-0.0188166
-1.6	-0.0184902
-1.575	-0.0181478
-1.55	-0.0177894
-1.525	-0.0174152
-1.5	-0.0170254
-1.475	-0.0166203
-1.45	-0.0162003
-1.425	-0.0157656
-1.4	-0.0153168
-1.375	-0.0148541
-1.35	-0.0143783
-1.325	-0.0138899
-1.3	-0.0133894
-1.275	-0.0128774
-1.25	-0.0123547
-1.225	-0.011822
-1.2	-0.0112801
-1.175	-0.0107298
-1.15	-0.0101719
-1.125	-0.00960739
-1.1	-0.00903716
-1.075	-0.00846209
-1.05	-0.00788316
-1.025	-0.00730145
-1	-0.00671807
-0.975	-0.006134
-0.95	-0.00555026
-0.925	-0.00496794
-0.9	-0.00438826
-0.875	-0.0038123
-0.85	-0.00324108
-0.825	-0.0026757
-0.8	-0.00211738
-0.775	-0.00156727
-0.75	-0.00102642
-0.725	-0.000495841
-0.7	2.34528e-05
-0.675	0.000530055
-0.65	0.001023
-0.625	0.00150164
-0.6	0.0019648
-0.575	0.00241164
-0.55	0.00284074
-0.525	0.00325172
-0.5	0.00364346
-0.475	0.00401539
-0.45	0.00436647
-0.425	0.00469582
-0.4	0.00500327
-0.375	0.0052878
-0.35	0.00554913
-0.325	0.00578636
-0.3	0.0059989
-0.275	0.00618656
-0.25	0.00634923
-0.225	0.00648647
-0.2	0.00659673
-0.175	0.00668116
-0.15	0.00674003
-0.125	0.0067714
-0.1	0.00677598
-0.075	0.00675399
-0.05	0.00670431
-0.025	0.0066301
1.77636e-15	0
