-14.975	-0.0167279
-14.95	-0.0167505
-14.925	-0.0167769
-14.9	-0.0168069
-14.875	-0.0168407
-14.85	-0.016878
-14.825	-0.0169188
-14.8	-0.0169631
-14.775	-0.0170109
-14.75	-0.0170619
-14.725	-0.0171161
-14.7	-0.0171736
-14.675	-0.017234
-14.65	-0.0172973
-14.625	-0.0173635
-14.6	-0.0174323
-14.575	-0.0175038
-14.55	-0.0175778
-14.525	-0.0176541
-14.5	-0.0177326
-14.475	-0.0178132
-14.45	-0.0178959
-14.425	-0.0179804
-14.4	-0.0180666
-14.375	-0.0181543
-14.35	-0.0182436
-14.325	-0.0183342
-14.3	-0.018426
-14.275	-0.0185189
-14.25	-0.0186127
-14.225	-0.0187073
-14.2	-0.0188027
-14.175	-0.0188987
-14.15	-0.0189951
-14.125	-0.0190918
-14.1	-0.0191888
-14.075	-0.0192859
-14.05	-0.0193831
-14.025	-0.0194802
-14	-0.0195771
-13.975	-0.0196738
-13.95	-0.0197701
-13.925	-0.019866
-13.9	-0.0199614
-13.875	-0.0200561
-13.85	-0.0201502
-13.825	-0.0202435
-13.8	-0.020336
-13.775	-0.0204276
-13.75	-0.0205182
-13.725	-0.0206079
-13.7	-0.0206966
-13.675	-0.0207841
-13.65	-0.0208705
-13.625	-0.0209557
-13.6	-0.0210398
-13.575	-0.0211226
-13.55	-0.0212042
-13.525	-0.0212845
-13.5	-0.0213636
-13.475	-0.0214413
-13.45	-0.0215177
-13.425	-0.0215929
-13.4	-0.0216667
-13.375	-0.0217392
-13.35	-0.0218103
-13.325	-0.0218802
-13.3	-0.0219487
-13.275	-0.0220159
-13.25	-0.0220818
-13.225	-0.0221463
-13.2	-0.0222094
-13.175	-0.0222713
-13.15	-0.0223318
-13.125	-0.0223909
-13.1	-0.0224487
-13.075	-0.0225052
-13.05	-0.0225602
-13.025	-0.022614
-13	-0.0226663
-12.975	-0.0227172
-12.95	-0.0227668
-12.925	-0.022815
-12.9	-0.0228617
-12.875	-0.0229069
-12.85	-0.0229507
-12.825	-0.0229931
-12.8	-0.0230339
-12.775	-0.0230733
-12.75	-0.0231111
-12.725	-0.0231474
-12.7	-0.0231821
-12.675	-0.0232153
-12.65	-0.0232469
-12.625	-0.0232769
-12.6	-0.0233054
-12.575	-0.0233322
-12.55	-0.0233574
-12.525	-0.0233809
-12.5	-0.023403
-12.475	-0.0234232
-12.45	-0.0234419
-12.425	-0.0234589
-12.4	-0.0234742
-12.375	-0.0234879
-12.35	-0.0234999
-12.325	-0.0235102
-12.3	-0.0235188
-12.275	-0.0235257
-12.25	-0.0235309
-12.225	-0.0235344
-12.2	-0.0235361
-12.175	-0.0235361
-12.15	-0.0235342
-12.125	-0.0235306
-12.1	-0.0235253
-12.075	-0.023518
-12.05	-0.0235089
-12.025	-0.0234978
-12	-0.0234847
-11.975	-0.0234697
-11.95	-0.0234525
-11.925	-0.0234331
-11.9	-0.0234115
-11.875	-0.0233876
-11.85	-0.0233613
-11.825	-0.0233325
-11.8	-0.023301
-11.775	-0.0232668
-11.75	-0.0232297
-11.725	-0.0231896
-11.7	-0.0231464
-11.675	-0.0230999
-11.65	-0.0230499
-11.625	-0.0229963
-11.6	-0.0229389
-11.575	-0.0228775
-11.55	-0.0228121
-11.525	-0.0227422
-11.5	-0.0226678
-11.475	-0.0225886
-11.45	-0.0225044
-11.425	-0.0224151
-11.4	-0.0223205
-11.375	-0.0222201
-11.35	-0.0221141
-11.325	-0.0220019
-11.3	-0.0218836
-11.275	-0.0217588
-11.25	-0.0216273
-11.225	-0.021489
-11.2	-0.0213436
-11.175	-0.021191
-11.15	-0.0210311
-11.125	-0.0208635
-11.1	-0.0206882
-11.075	-0.020505
-11.05	-0.0203137
-11.025	-0.0201143
-11	-0.0199066
-10.975	-0.0196905
-10.95	-0.0194659
-10.925	-0.0192326
-10.9	-0.0189908
-10.875	-0.0187402
-10.85	-0.0184809
-10.825	-0.0182129
-10.8	-0.017936
-10.775	-0.0176505
-10.75	-0.0173563
-10.725	-0.0170534
-10.7	-0.016742
-10.675	-0.016422
-10.65	-0.0160937
-10.625	-0.0157572
-10.6	-0.0154126
-10.575	-0.01506
-10.55	-0.0146997
-10.525	-0.0143319
-10.5	-0.0139568
-10.475	-0.0135746
-10.45	-0.0131856
-10.425	-0.0127901
-10.4	-0.0123883
-10.375	-0.0119807
-10.35	-0.0115675
-10.325	-0.0111491
-10.3	-0.0107258
-10.275	-0.0102982
-10.25	-0.00986645
-10.225	-0.00943111
-10.2	-0.00899258
-10.175	-0.00855127
-10.15	-0.00810771
-10.125	-0.00766239
-10.1	-0.00721568
-10.075	-0.00676818
-10.05	-0.00632034
-10.025	-0.00587262
-10	-0.00542562
-9.975	-0.00497985
-9.95	-0.00453583
-9.925	-0.00409401
-9.9	-0.00365501
-9.875	-0.00321933
-9.85	-0.00278748
-9.825	-0.00236001
-9.8	-0.00193748
-9.775	-0.00152038
-9.75	-0.00110925
-9.725	-0.000704625
-9.7	-0.000306963
-9.675	8.31776e-05
-9.65	0.000465286
-9.625	0.00083886
-9.6	0.00120342
-9.575	0.0015586
-9.55	0.00190382
-9.525	0.00223868
-9.5	0.0025628
-9.475	0.00287571
-9.45	0.00317702
-9.425	0.00346645
-9.4	0.00374351
-9.375	0.00400799
-9.35	0.00425952
-9.325	0.00449785
-9.3	0.0047227
-9.275	0.00493383
-9.25	0.00513108
-9.225	0.00531413
-9.2	0.00548295
-9.175	0.00563734
-9.15	0.00577725
-9.125	0.00590249
-9.1	0.00601312
-9.075	0.00610901
-9.05	0.00619023
-9.025	0.00625679
-9	0.00630873
-8.975	0.00634609
-8.95	0.00636907
-8.925	0.00637773
-8.9	0.00637226
-8.875	0.00635283
-8.85	0.00631974
-8.825	0.0062731
-8.8	0.00621328
-8.775	0.00614058
-8.75	0.00605528
-8.725	0.00595778
-8.7	0.00584837
-8.675	0.00572752
-8.65	0.00559571
-8.625	0.00545327
-8.6	0.00530073
-8.575	0.00513861
-8.55	0.0049674
-8.525	0.00478758
-8.5	0.0045998
-8.475	0.00440453
-8.45	0.00420243
-8.425	0.00399405
-8.4	0.00378003
-8.375	0.00356096
-8.35	0.00333742
-8.325	0.00311013
-8.3	0.00287973
-8.275	0.00264684
-8.25	0.00241214
-8.225	0.00217625
-8.2	0.00193983
-8.175	0.00170356
-8.15	0.00146809
-8.125	0.00123406
-8.1	0.00100215
-8.075	0.000772898
-8.05	0.000547072
-8.025	0.000325231
-8	0.000107972
-7.975	-0.000103987
-7.95	-0.000310147
-7.925	-0.000509927
-7.9	-0.000702637
-7.875	-0.000887885
-7.85	-0.00106497
-7.825	-0.00123344
-7.8	-0.00139273
-7.775	-0.00154237
-7.75	-0.00168183
-7.725	-0.00181068
-7.7	-0.00192848
-7.675	-0.00203474
-7.65	-0.00212903
-7.625	-0.00221096
-7.6	-0.00228014
-7.575	-0.00233626
-7.55	-0.00237886
-7.525	-0.00240768
-7.5	-0.00242236
-7.475	-0.00242267
-7.45	-0.00240829
-7.425	-0.00237899
-7.4	-0.00233458
-7.375	-0.00227482
-7.35	-0.00219954
-7.325	-0.0021086
-7.3	-0.00200185
-7.275	-0.00187922
-7.25	-0.0017406
-7.225	-0.00158596
-7.2	-0.00141523
-7.175	-0.00122848
-7.15	-0.00102563
-7.125	-0.000806746
-7.1	-0.00057192
-7.075	-0.000321361
-7.05	-5.49383e-05
-7.025	0.000227049
-7	0.000524484
-6.975	0.000837151
-6.95	0.00116496
-6.925	0.00150755
-6.9	0.00186454
-6.875	0.00223594
-6.85	0.00262132
-6.825	0.0030203
-6.8	0.00343246
-6.775	0.00385757
-6.75	0.00429516
-6.725	0.00474478
-6.7	0.00520604
-6.675	0.0056784
-6.65	0.0061614
-6.625	0.00665454
-6.6	0.00715725
-6.575	0.00766897
-6.55	0.00818914
-6.525	0.00871717
-6.5	0.00925261
-6.475	0.00979466
-6.45	0.0103427
-6.425	0.0108962
-6.4	0.0114545
-6.375	0.0120169
-6.35	0.0125828
-6.325	0.0131516
-6.3	0.0137226
-6.275	0.0142949
-6.25	0.0148684
-6.225	0.015442
-6.2	0.0160153
-6.175	0.0165875
-6.15	0.0171581
-6.125	0.0177263
-6.1	0.0182917
-6.075	0.0188535
-6.05	0.0194112
-6.025	0.0199642
-6	0.0205118
-5.975	0.0210536
-5.95	0.021589
-5.925	0.0221173
-5.9	0.0226381
-5.875	0.0231509
-5.85	0.0236551
-5.825	0.0241503
-5.8	0.0246361
-5.775	0.0251118
-5.75	0.0255772
-5.725	0.0260318
-5.7	0.026475
-5.675	0.0269068
-5.65	0.0273265
-5.625	0.0277338
-5.6	0.0281285
-5.575	0.0285103
-5.55	0.0288788
-5.525	0.0292337
-5.5	0.0295748
-5.475	0.0299019
-5.45	0.0302149
-5.425	0.0305134
-5.4	0.0307974
-5.375	0.0310666
-5.35	0.0313211
-5.325	0.0315608
-5.3	0.0317856
-5.275	0.0319951
-5.25	0.0321897
-5.225	0.0323694
-5.2	0.0325342
-5.175	0.0326841
-5.15	0.0328192
-5.125	0.0329395
-5.1	0.0330453
-5.075	0.0331366
-5.05	0.0332138
-5.025	0.0332766
-5	0.0333259
-4.975	0.0333616
-4.95	0.0333839
-4.925	0.0333932
-4.9	0.0333899
-4.875	0.0333742
-4.85	0.0333466
-4.825	0.0333075
-4.8	0.0332573
-4.775	0.0331964
-4.75	0.0331253
-4.725	0.0330447
-4.7	0.032955
-4.675	0.0328569
-4.65	0.0327509
-4.625	0.0326374
-4.6	0.0325174
-4.575	0.0323915
-4.55	0.0322604
-4.525	0.0321248
-4.5	0.0319854
-4.475	0.0318431
-4.45	0.0316985
-4.425	0.0315524
-4.4	0.0314059
-4.375	0.0312598
-4.35	0.0311143
-4.325	0.0309713
-4.3	0.0308309
-4.275	0.0306942
-4.25	0.030562
-4.225	0.0304352
-4.2	0.0303147
-4.175	0.0302015
-4.15	0.0300964
-4.125	0.03
-4.1	0.0299133
-4.075	0.0298372
-4.05	0.0297724
-4.025	0.0297196
-4	0.0296795
-3.975	0.0296534
-3.95	0.0296413
-3.925	0.0296439
-3.9	0.0296626
-3.875	0.0296967
-3.85	0.0297479
-3.825	0.0298163
-3.8	0.0299018
-3.775	0.0300054
-3.75	0.0301274
-3.725	0.030268
-3.7	0.0304272
-3.675	0.0306055
-3.65	0.0308026
-3.625	0.0310188
-3.6	0.0312539
-3.575	0.0315078
-3.55	0.0317802
-3.525	0.0320713
-3.5	0.0323797
-3.475	0.0327059
-3.45	0.0330491
-3.425	0.0334086
-3.4	0.0337835
-3.375	0.0341734
-3.35	0.0345771
-3.325	0.0349938
-3.3	0.0354226
-3.275	0.035862
-3.25	0.036311
-3.225	0.0367685
-3.2	0.0372327
-3.175	0.0377025
-3.15	0.0381766
-3.125	0.0386524
-3.1	0.0391292
-3.075	0.0396051
-3.05	0.040078
-3.025	0.0405465
-3	0.0410083
-2.975	0.041462
-2.95	0.0419049
-2.925	0.0423357
-2.9	0.042752
-2.875	0.0431517
-2.85	0.043533
-2.825	0.0438936
-2.8	0.0442315
-2.775	0.0445449
-2.75	0.0448313
-2.725	0.045089
-2.7	0.0453157
-2.675	0.0455098
-2.65	0.0456692
-2.625	0.0457919
-2.6	0.0458761
-2.575	0.0459205
-2.55	0.0459226
-2.525	0.0458816
-2.5	0.0457957
-2.475	0.0456635
-2.45	0.0454836
-2.425	0.0452543
-2.4	0.0449758
-2.375	0.0446459
-2.35	0.0442641
-2.325	0.0438297
-2.3	0.0433421
-2.275	0.0428007
-2.25	0.0422047
-2.225	0.0415552
-2.2	0.0408506
-2.175	0.0400917
-2.15	0.0392784
-2.125	0.0384113
-2.1	0.0374909
-2.075	0.0365169
-2.05	0.0354917
-2.025	0.0344148
-2	0.0332878
-1.975	0.0321118
-1.95	0.0308881
-1.925	0.0296181
-1.9	0.0283036
-1.875	0.0269463
-1.85	0.0255479
-1.825	0.0241105
-1.8	0.0226362
-1.775	0.0211272
-1.75	0.0195859
-1.725	0.0180148
-1.7	0.0164165
-1.675	0.0147938
-1.65	0.0131489
-1.625	0.0114849
-1.6	0.00980524
-1.575	0.00811225
-1.55	0.00640912
-1.525	0.00469892
-1.5	0.00298493
-1.475	0.00127012
-1.45	-0.000442262
-1.425	-0.00214904
-1.4	-0.00384713
-1.375	-0.00553333
-1.35	-0.00720457
-1.325	-0.00885768
-1.3	-0.0104895
-1.275	-0.0120977
-1.25	-0.0136783
-1.225	-0.0152291
-1.2	-0.0167472
-1.175	-0.01823
-1.15	-0.0196743
-1.125	-0.0210784
-1.1	-0.0224397
-1.075	-0.0237557
-1.05	-0.0250242
-1.025	-0.0262436
-1	-0.0274117
-0.975	-0.0285265
-0.95	-0.0295871
-0.925	-0.0305915
-0.9	-0.0315387
-0.875	-0.0324273
-0.85	-0.0332564
-0.825	-0.0340253
-0.8	-0.0347331
-0.775	-0.0353793
-0.75	-0.0359637
-0.725	-0.0364858
-0.7	-0.0369456
-0.675	-0.0373432
-0.65	-0.0376786
-0.625	-0.037952
-0.6	-0.0381644
-0.575	-0.038316
-0.55	-0.0384074
-0.525	-0.0384395
-0.5	-0.0384129
-0.475	-0.0383291
-0.45	-0.0381891
-0.425	-0.0379941
-0.4	-0.0377447
-0.375	-0.0374427
-0.35	-0.0370908
-0.325	-0.0366885
-0.3	-0.0362375
-0.275	-0.0357408
-0.25	-0.035199
-0.225	-0.0346144
-0.2	-0.0339878
-0.175	-0.0333213
-0.15	-0.0326177
-0.125	-0.0318779
-0.1	-0.0311047
-0.075	-0.0302972
-0.05	-0.029459
-0.025	-0.0285947
1.77636e-15	0
