-14.975	-0.024309
-14.95	-0.0244677
-14.925	-0.0246247
-14.9	-0.0247802
-14.875	-0.0249342
-14.85	-0.0250869
-14.825	-0.0252382
-14.8	-0.0253884
-14.775	-0.0255375
-14.75	-0.0256855
-14.725	-0.0258327
-14.7	-0.025979
-14.675	-0.0261245
-14.65	-0.0262693
-14.625	-0.0264136
-14.6	-0.0265573
-14.575	-0.0267007
-14.55	-0.0268436
-14.525	-0.0269863
-14.5	-0.0271288
-14.475	-0.0272711
-14.45	-0.0274134
-14.425	-0.0275556
-14.4	-0.0276979
-14.375	-0.0278403
-14.35	-0.0279827
-14.325	-0.0281254
-14.3	-0.0282682
-14.275	-0.0284113
-14.25	-0.0285546
-14.225	-0.0286982
-14.2	-0.0288421
-14.175	-0.0289863
-14.15	-0.0291307
-14.125	-0.0292755
-14.1	-0.0294205
-14.075	-0.0295658
-14.05	-0.0297113
-14.025	-0.029857
-14	-0.0300029
-13.975	-0.0301489
-13.95	-0.0302949
-13.925	-0.030441
-13.9	-0.030587
-13.875	-0.030733
-13.85	-0.0308788
-13.825	-0.0310243
-13.8	-0.0311695
-13.775	-0.0313142
-13.75	-0.0314585
-13.725	-0.0316022
-13.7	-0.0317452
-13.675	-0.0318874
-13.65	-0.0320287
-13.625	-0.0321689
-13.6	-0.0323081
-13.575	-0.032446
-13.55	-0.0325826
-13.525	-0.0327177
-13.5	-0.0328512
-13.475	-0.032983
-13.45	-0.0331129
-13.425	-0.0332409
-13.4	-0.0333667
-13.375	-0.0334903
-13.35	-0.0336115
-13.325	-0.0337302
-13.3	-0.0338463
-13.275	-0.0339596
-13.25	-0.03407
-13.225	-0.0341773
-13.2	-0.0342814
-13.175	-0.0343821
-13.15	-0.0344794
-13.125	-0.034573
-13.1	-0.0346629
-13.075	-0.0347489
-13.05	-0.0348307
-13.025	-0.0349084
-13	-0.0349817
-12.975	-0.0350506
-12.95	-0.0351147
-12.925	-0.0351741
-12.9	-0.0352285
-12.875	-0.0352778
-12.85	-0.0353219
-12.825	-0.0353606
-12.8	-0.0353938
-12.775	-0.0354212
-12.75	-0.0354429
-12.725	-0.0354586
-12.7	-0.0354682
-12.675	-0.0354715
-12.65	-0.0354685
-12.625	-0.0354589
-12.6	-0.0354427
-12.575	-0.0354196
-12.55	-0.0353897
-12.525	-0.0353527
-12.5	-0.0353084
-12.475	-0.0352569
-12.45	-0.035198
-12.425	-0.0351315
-12.4	-0.0350574
-12.375	-0.0349756
-12.35	-0.0348858
-12.325	-0.0347882
-12.3	-0.0346825
-12.275	-0.0345687
-12.25	-0.0344468
-12.225	-0.0343166
-12.2	-0.0341782
-12.175	-0.0340314
-12.15	-0.0338763
-12.125	-0.0337128
-12.1	-0.033541
-12.075	-0.0333607
-12.05	-0.0331721
-12.025	-0.0329752
-12	-0.03277
-11.975	-0.0325565
-11.95	-0.0323349
-11.925	-0.0321052
-11.9	-0.0318675
-11.875	-0.0316218
-11.85	-0.0313684
-11.825	-0.0311073
-11.8	-0.0308388
-11.775	-0.0305628
-11.75	-0.0302797
-11.725	-0.0299896
-11.7	-0.0296928
-11.675	-0.0293893
-11.65	-0.0290794
-11.625	-0.0287635
-11.6	-0.0284416
-11.575	-0.0281142
-11.55	-0.0277813
-11.525	-0.0274435
-11.5	-0.0271008
-11.475	-0.0267536
-11.45	-0.0264023
-11.425	-0.026047
-11.4	-0.0256883
-11.375	-0.0253263
-11.35	-0.0249614
-11.325	-0.024594
-11.3	-0.0242244
-11.275	-0.023853
-11.25	-0.0234801
-11.225	-0.023106
-11.2	-0.0227311
-11.175	-0.0223559
-11.15	-0.0219805
-11.125	-0.0216054
-11.1	-0.021231
-11.075	-0.0208576
-11.05	-0.0204855
-11.025	-0.0201151
-11	-0.0197467
-10.975	-0.0193808
-10.95	-0.0190175
-10.925	-0.0186572
-10.9	-0.0183003
-10.875	-0.017947
-10.85	-0.0175976
-10.825	-0.0172525
-10.8	-0.0169119
-10.775	-0.016576
-10.75	-0.0162452
-10.725	-0.0159196
-10.7	-0.0155995
-10.675	-0.0152851
-10.65	-0.0149766
-10.625	-0.0146742
-10.6	-0.0143781
-10.575	-0.0140883
-10.55	-0.0138052
-10.525	-0.0135288
-10.5	-0.0132593
-10.475	-0.0129966
-10.45	-0.012741
-10.425	-0.0124925
-10.4	-0.0122512
-10.375	-0.0120171
-10.35	-0.0117902
-10.325	-0.0115706
-10.3	-0.0113583
-10.275	-0.0111532
-10.25	-0.0109555
-10.225	-0.0107649
-10.2	-0.0105815
-10.175	-0.0104052
-10.15	-0.010236
-10.125	-0.0100737
-10.1	-0.0099183
-10.075	-0.00976964
-10.05	-0.00962765
-10.025	-0.00949219
-10	-0.00936309
-9.975	-0.0092403
-9.95	-0.00912357
-9.925	-0.00901277
-9.9	-0.00890779
-9.875	-0.00880835
-9.85	-0.00871435
-9.825	-0.00862563
-9.8	-0.00854195
-9.775	-0.00846312
-9.75	-0.00838897
-9.725	-0.00831928
-9.7	-0.00825388
-9.675	-0.00819252
-9.65	-0.00813504
-9.625	-0.00808124
-9.6	-0.00803088
-9.575	-0.00798379
-9.55	-0.00793975
-9.525	-0.00789856
-9.5	-0.00786002
-9.475	-0.00782393
-9.45	-0.00779008
-9.425	-0.00775831
-9.4	-0.0077284
-9.375	-0.00770016
-9.35	-0.00767342
-9.325	-0.00764797
-9.3	-0.00762364
-9.275	-0.00760024
-9.25	-0.0075776
-9.225	-0.00755555
-9.2	-0.0075339
-9.175	-0.00751248
-9.15	-0.00749115
-9.125	-0.00746974
-9.1	-0.00744808
-9.075	-0.007426
-9.05	-0.00740335
-9.025	-0.00738002
-9	-0.0073558
-8.975	-0.00733057
-8.95	-0.00730417
-8.925	-0.00727649
-8.9	-0.00724735
-8.875	-0.00721664
-8.85	-0.00718418
-8.825	-0.00714988
-8.8	-0.00711356
-8.775	-0.00707513
-8.75	-0.00703443
-8.725	-0.00699134
-8.7	-0.00694568
-8.675	-0.00689738
-8.65	-0.00684627
-8.625	-0.00679226
-8.6	-0.00673517
-8.575	-0.0066749
-8.55	-0.00661135
-8.525	-0.00654432
-8.5	-0.00647376
-8.475	-0.0063995
-8.45	-0.00632146
-8.425	-0.00623951
-8.4	-0.0061535
-8.375	-0.00606335
-8.35	-0.00596893
-8.325	-0.00587015
-8.3	-0.00576686
-8.275	-0.00565903
-8.25	-0.0055465
-8.225	-0.00542917
-8.2	-0.005307
-8.175	-0.00517992
-8.15	-0.00504778
-8.125	-0.00491055
-8.1	-0.00476815
-8.075	-0.00462055
-8.05	-0.00446766
-8.025	-0.00430943
-8	-0.00414586
-7.975	-0.00397688
-7.95	-0.00380248
-7.925	-0.00362265
-7.9	-0.00343734
-7.875	-0.00324658
-7.85	-0.00305035
-7.825	-0.00284869
-7.8	-0.00264158
-7.775	-0.00242903
-7.75	-0.00221113
-7.725	-0.00198781
-7.7	-0.00175921
-7.675	-0.00152532
-7.65	-0.00128619
-7.625	-0.0010419
-7.6	-0.000792476
-7.575	-0.00053802
-7.55	-0.000278569
-7.525	-1.42247e-05
-7.5	0.000254952
-7.475	0.000528881
-7.45	0.000807453
-7.425	0.00109058
-7.4	0.00137821
-7.375	0.0016702
-7.35	0.00196646
-7.325	0.00226685
-7.3	0.00257132
-7.275	0.00287973
-7.25	0.00319194
-7.225	0.00350791
-7.2	0.00382743
-7.175	0.0041504
-7.15	0.00447671
-7.125	0.00480622
-7.1	0.00513878
-7.075	0.00547429
-7.05	0.00581257
-7.025	0.00615354
-7	0.00649695
-6.975	0.00684275
-6.95	0.00719078
-6.925	0.00754085
-6.9	0.00789283
-6.875	0.00824657
-6.85	0.00860193
-6.825	0.00895871
-6.8	0.00931681
-6.775	0.00967605
-6.75	0.0100362
-6.725	0.0103973
-6.7	0.010759
-6.675	0.0111211
-6.65	0.0114837
-6.625	0.0118464
-6.6	0.0122091
-6.575	0.0125717
-6.55	0.012934
-6.525	0.0132958
-6.5	0.013657
-6.475	0.0140174
-6.45	0.0143768
-6.425	0.0147351
-6.4	0.0150921
-6.375	0.0154477
-6.35	0.0158016
-6.325	0.0161538
-6.3	0.016504
-6.275	0.016852
-6.25	0.0171978
-6.225	0.0175411
-6.2	0.0178817
-6.175	0.0182194
-6.15	0.0185543
-6.125	0.0188859
-6.1	0.0192141
-6.075	0.0195388
-6.05	0.0198597
-6.025	0.0201768
-6	0.0204897
-5.975	0.0207983
-5.95	0.0211024
-5.925	0.0214019
-5.9	0.0216965
-5.875	0.021986
-5.85	0.0222703
-5.825	0.0225491
-5.8	0.0228224
-5.775	0.0230897
-5.75	0.0233511
-5.725	0.0236063
-5.7	0.023855
-5.675	0.0240972
-5.65	0.0243326
-5.625	0.0245611
-5.6	0.0247825
-5.575	0.0249965
-5.55	0.0252031
-5.525	0.0254019
-5.5	0.0255931
-5.475	0.0257762
-5.45	0.0259511
-5.425	0.0261179
-5.4	0.0262761
-5.375	0.0264258
-5.35	0.0265668
-5.325	0.0266989
-5.3	0.0268221
-5.275	0.0269362
-5.25	0.0270412
-5.225	0.0271367
-5.2	0.0272231
-5.175	0.0272998
-5.15	0.027367
-5.125	0.0274247
-5.1	0.0274727
-5.075	0.0275109
-5.05	0.0275394
-5.025	0.027558
-5	0.0275668
-4.975	0.0275657
-4.95	0.0275548
-4.925	0.027534
-4.9	0.0275032
-4.875	0.0274627
-4.85	0.0274122
-4.825	0.027352
-4.8	0.027282
-4.775	0.0272022
-4.75	0.0271128
-4.725	0.0270138
-4.7	0.0269053
-4.675	0.0267873
-4.65	0.0266599
-4.625	0.0265233
-4.6	0.0263775
-4.575	0.0262227
-4.55	0.0260589
-4.525	0.0258865
-4.5	0.0257053
-4.475	0.0255157
-4.45	0.0253177
-4.425	0.0251117
-4.4	0.0248977
-4.375	0.0246759
-4.35	0.0244465
-4.325	0.0242097
-4.3	0.0239658
-4.275	0.023715
-4.25	0.0234574
-4.225	0.0231933
-4.2	0.022923
-4.175	0.0226467
-4.15	0.0223649
-4.125	0.0220773
-4.1	0.0217847
-4.075	0.0214871
-4.05	0.0211849
-4.025	0.0208782
-4	0.0205675
-3.975	0.0202531
-3.95	0.0199351
-3.925	0.019614
-3.9	0.0192899
-3.875	0.0189633
-3.85	0.0186345
-3.825	0.0183037
-3.8	0.0179712
-3.775	0.0176373
-3.75	0.0173024
-3.725	0.0169669
-3.7	0.0166309
-3.675	0.0162947
-3.65	0.0159587
-3.625	0.015623
-3.6	0.0152882
-3.575	0.0149545
-3.55	0.0146219
-3.525	0.0142908
-3.5	0.0139617
-3.475	0.0136345
-3.45	0.0133095
-3.425	0.012987
-3.4	0.0126671
-3.375	0.0123499
-3.35	0.0120359
-3.325	0.011725
-3.3	0.0114173
-3.275	0.011113
-3.25	0.0108121
-3.225	0.0105149
-3.2	0.0102212
-3.175	0.00993109
-3.15	0.00964466
-3.125	0.00936175
-3.1	0.00908253
-3.075	0.00880677
-3.05	0.00853446
-3.025	0.00826542
-3	0.00799967
-2.975	0.00773694
-2.95	0.00747705
-2.925	0.00721984
-2.9	0.0069651
-2.875	0.00671256
-2.85	0.00646203
-2.825	0.00621311
-2.8	0.00596566
-2.775	0.00571926
-2.75	0.00547367
-2.725	0.00522858
-2.7	0.00498356
-2.675	0.00473834
-2.65	0.00449254
-2.625	0.00424576
-2.6	0.00399775
-2.575	0.00374806
-2.55	0.00349636
-2.525	0.0032423
-2.5	0.00298556
-2.475	0.0027258
-2.45	0.00246271
-2.425	0.002196
-2.4	0.00192537
-2.375	0.0016506
-2.35	0.00137142
-2.325	0.00108766
-2.3	0.000799126
-2.275	0.000505659
-2.25	0.000207167
-2.225	-9.64361e-05
-2.2	-0.000405213
-2.175	-0.00071914
-2.15	-0.00103818
-2.125	-0.00136228
-2.1	-0.00169128
-2.075	-0.00202507
-2.05	-0.00236341
-2.025	-0.00270609
-2	-0.00305275
-1.975	-0.00340312
-1.95	-0.00375679
-1.925	-0.00411332
-1.9	-0.00447224
-1.875	-0.00483308
-1.85	-0.00519529
-1.825	-0.00555825
-1.8	-0.00592134
-1.775	-0.00628392
-1.75	-0.00664526
-1.725	-0.00700472
-1.7	-0.00736146
-1.675	-0.00771483
-1.65	-0.00806387
-1.625	-0.00840788
-1.6	-0.00874599
-1.575	-0.00907737
-1.55	-0.00940119
-1.525	-0.00971658
-1.5	-0.0100227
-1.475	-0.0103187
-1.45	-0.0106036
-1.425	-0.0108767
-1.4	-0.0111372
-1.375	-0.0113842
-1.35	-0.011617
-1.325	-0.0118347
-1.3	-0.0120367
-1.275	-0.0122223
-1.25	-0.0123907
-1.225	-0.0125413
-1.2	-0.0126737
-1.175	-0.0127871
-1.15	-0.0128811
-1.125	-0.0129554
-1.1	-0.0130094
-1.075	-0.0130429
-1.05	-0.0130556
-1.025	-0.0130472
-1	-0.0130176
-0.975	-0.0129667
-0.95	-0.0128945
-0.925	-0.0128009
-0.9	-0.0126861
-0.875	-0.0125501
-0.85	-0.0123933
-0.825	-0.0122158
-0.8	-0.0120181
-0.775	-0.0118004
-0.75	-0.0115633
-0.725	-0.0113072
-0.7	-0.0110326
-0.675	-0.0107403
-0.65	-0.0104308
-0.625	-0.0101048
-0.6	-0.00976302
-0.575	-0.00940636
-0.55	-0.00903555
-0.525	-0.00865154
-0.5	-0.00825497
-0.475	-0.00784684
-0.45	-0.0074285
-0.425	-0.00700045
-0.4	-0.00656356
-0.375	-0.00611918
-0.35	-0.00566798
-0.325	-0.00521088
-0.3	-0.00474932
-0.275	-0.00428441
-0.25	-0.00381585
-0.225	-0.00334607
-0.2	-0.00287497
-0.175	-0.00240492
-0.15	-0.00193461
-0.125	-0.00146692
-0.1	-0.00100131
-0.075	-0.000540556
-0.05	-8.37861e-05
-0.025	0.000368322
1.77636e-15	0
