-14.975	-0.00155153
-14.95	-0.00171774
-14.925	-0.00188219
-14.9	-0.00204476
-14.875	-0.00220534
-14.85	-0.00236386
-14.825	-0.00252017
-14.8	-0.00267419
-14.775	-0.00282584
-14.75	-0.00297502
-14.725	-0.00312169
-14.7	-0.00326571
-14.675	-0.00340704
-14.65	-0.00354564
-14.625	-0.00368142
-14.6	-0.00381439
-14.575	-0.00394443
-14.55	-0.00407155
-14.525	-0.00419569
-14.5	-0.00431687
-14.475	-0.00443501
-14.45	-0.00455016
-14.425	-0.00466227
-14.4	-0.00477136
-14.375	-0.00487742
-14.35	-0.00498046
-14.325	-0.00508051
-14.3	-0.00517758
-14.275	-0.00527172
-14.25	-0.00536294
-14.225	-0.00545128
-14.2	-0.00553678
-14.175	-0.00561949
-14.15	-0.00569946
-14.125	-0.00577674
-14.1	-0.0058514
-14.075	-0.00592348
-14.05	-0.00599309
-14.025	-0.00606028
-14	-0.00612507
-13.975	-0.00618761
-13.95	-0.00624793
-13.925	-0.00630613
-13.9	-0.0063623
-13.875	-0.00641652
-13.85	-0.00646885
-13.825	-0.00651942
-13.8	-0.00656833
-13.775	-0.00661562
-13.75	-0.00666143
-13.725	-0.00670581
-13.7	-0.00674893
-13.675	-0.00679081
-13.65	-0.00683162
-13.625	-0.0068714
-13.6	-0.00691031
-13.575	-0.00694841
-13.55	-0.00698581
-13.525	-0.00702265
-13.5	-0.00705901
-13.475	-0.00709497
-13.45	-0.00713068
-13.425	-0.00716624
-13.4	-0.00720175
-13.375	-0.0072373
-13.35	-0.00727302
-13.325	-0.00730903
-13.3	-0.00734543
-13.275	-0.00738235
-13.25	-0.00741984
-13.225	-0.00745806
-13.2	-0.00749712
-13.175	-0.00753711
-13.15	-0.00757816
-13.125	-0.00762032
-13.1	-0.00766376
-13.075	-0.00770853
-13.05	-0.00775478
-13.025	-0.00780258
-13	-0.007852
-12.975	-0.00790316
-12.95	-0.00795616
-12.925	-0.00801107
-12.9	-0.00806795
-12.875	-0.0081269
-12.85	-0.00818799
-12.825	-0.00825128
-12.8	-0.00831685
-12.775	-0.00838472
-12.75	-0.00845496
-12.725	-0.00852761
-12.7	-0.0086027
-12.675	-0.00868027
-12.65	-0.00876033
-12.625	-0.00884289
-12.6	-0.00892798
-12.575	-0.00901558
-12.55	-0.00910566
-12.525	-0.00919826
-12.5	-0.0092933
-12.475	-0.00939075
-12.45	-0.00949061
-12.425	-0.00959283
-12.4	-0.00969728
-12.375	-0.00980397
-12.35	-0.00991279
-12.325	-0.0100237
-12.3	-0.0101365
-12.275	-0.0102512
-12.25	-0.0103677
-12.225	-0.0104858
-12.2	-0.0106055
-12.175	-0.0107265
-12.15	-0.0108488
-12.125	-0.0109722
-12.1	-0.0110966
-12.075	-0.0112217
-12.05	-0.0113475
-12.025	-0.0114737
-12	-0.0116002
-11.975	-0.0117268
-11.95	-0.0118533
-11.925	-0.0119795
-11.9	-0.0121052
-11.875	-0.0122301
-11.85	-0.0123542
-11.825	-0.0124771
-11.8	-0.0125986
-11.775	-0.0127185
-11.75	-0.0128366
-11.725	-0.0129527
-11.7	-0.0130665
-11.675	-0.0131779
-11.65	-0.0132865
-11.625	-0.0133922
-11.6	-0.0134946
-11.575	-0.0135937
-11.55	-0.0136892
-11.525	-0.0137809
-11.5	-0.0138685
-11.475	-0.0139518
-11.45	-0.0140307
-11.425	-0.0141049
-11.4	-0.0141743
-11.375	-0.0142386
-11.35	-0.0142977
-11.325	-0.0143514
-11.3	-0.0143996
-11.275	-0.014442
-11.25	-0.0144786
-11.225	-0.0145093
-11.2	-0.0145338
-11.175	-0.0145521
-11.15	-0.0145641
-11.125	-0.0145697
-11.1	-0.0145688
-11.075	-0.0145614
-11.05	-0.0145473
-11.025	-0.0145266
-11	-0.0144992
-10.975	-0.014465
-10.95	-0.0144242
-10.925	-0.0143766
-10.9	-0.0143223
-10.875	-0.0142613
-10.85	-0.0141938
-10.825	-0.0141196
-10.8	-0.0140389
-10.775	-0.0139518
-10.75	-0.0138583
-10.725	-0.0137586
-10.7	-0.0136527
-10.675	-0.0135409
-10.65	-0.0134232
-10.625	-0.0132998
-10.6	-0.0131708
-10.575	-0.0130363
-10.55	-0.0128967
-10.525	-0.012752
-10.5	-0.0126024
-10.475	-0.0124482
-10.45	-0.0122896
-10.425	-0.0121267
-10.4	-0.0119598
-10.375	-0.0117891
-10.35	-0.0116148
-10.325	-0.0114372
-10.3	-0.0112565
-10.275	-0.0110729
-10.25	-0.0108868
-10.225	-0.0106983
-10.2	-0.0105077
-10.175	-0.0103152
-10.15	-0.0101211
-10.125	-0.00992569
-10.1	-0.00972916
-10.075	-0.00953175
-10.05	-0.00933375
-10.025	-0.00913537
-10	-0.00893685
-9.975	-0.00873847
-9.95	-0.00854043
-9.925	-0.00834294
-9.9	-0.00814628
-9.875	-0.00795063
-9.85	-0.00775622
-9.825	-0.00756326
-9.8	-0.00737195
-9.775	-0.0071825
-9.75	-0.00699509
-9.725	-0.00680993
-9.7	-0.00662717
-9.675	-0.00644696
-9.65	-0.00626953
-9.625	-0.00609498
-9.6	-0.00592348
-9.575	-0.00575517
-9.55	-0.00559021
-9.525	-0.00542867
-9.5	-0.00527072
-9.475	-0.00511642
-9.45	-0.0049659
-9.425	-0.00481927
-9.4	-0.00467656
-9.375	-0.00453787
-9.35	-0.00440327
-9.325	-0.00427277
-9.3	-0.00414648
-9.275	-0.00402438
-9.25	-0.00390651
-9.225	-0.0037929
-9.2	-0.00368351
-9.175	-0.00357837
-9.15	-0.00347744
-9.125	-0.00338072
-9.1	-0.00328814
-9.075	-0.00319968
-9.05	-0.00311525
-9.025	-0.00303479
-9	-0.00295823
-8.975	-0.00288551
-8.95	-0.00281649
-8.925	-0.00275106
-8.9	-0.00268915
-8.875	-0.00263057
-8.85	-0.00257526
-8.825	-0.00252303
-8.8	-0.00247375
-8.775	-0.00242724
-8.75	-0.00238334
-8.725	-0.00234189
-8.7	-0.0023027
-8.675	-0.00226557
-8.65	-0.00223033
-8.625	-0.00219674
-8.6	-0.00216463
-8.575	-0.00213373
-8.55	-0.00210387
-8.525	-0.00207478
-8.5	-0.00204625
-8.475	-0.00201805
-8.45	-0.00198989
-8.425	-0.00196158
-8.4	-0.00193283
-8.375	-0.00190341
-8.35	-0.00187305
-8.325	-0.00184149
-8.3	-0.00180845
-8.275	-0.00177371
-8.25	-0.00173695
-8.225	-0.00169792
-8.2	-0.00165637
-8.175	-0.00161201
-8.15	-0.00156459
-8.125	-0.00151383
-8.1	-0.00145943
-8.075	-0.00140118
-8.05	-0.00133876
-8.025	-0.00127196
-8	-0.00120048
-7.975	-0.00112405
-7.95	-0.00104244
-7.925	-0.000955404
-7.9	-0.000862658
-7.875	-0.000763965
-7.85	-0.000659096
-7.825	-0.000547803
-7.8	-0.000429885
-7.775	-0.000305063
-7.75	-0.000173142
-7.725	-3.39244e-05
-7.7	0.00011281
-7.675	0.000267269
-7.65	0.000429632
-7.625	0.000600082
-7.6	0.000778819
-7.575	0.000965991
-7.55	0.00116178
-7.525	0.00136632
-7.5	0.00157976
-7.475	0.00180225
-7.45	0.00203388
-7.425	0.00227481
-7.4	0.00252511
-7.375	0.00278491
-7.35	0.00305426
-7.325	0.00333324
-7.3	0.00362194
-7.275	0.0039204
-7.25	0.00422863
-7.225	0.00454671
-7.2	0.00487466
-7.175	0.00521243
-7.15	0.00556006
-7.125	0.00591753
-7.1	0.00628482
-7.075	0.00666184
-7.05	0.00704857
-7.025	0.00744494
-7	0.00785088
-6.975	0.00826624
-6.95	0.008691
-6.925	0.00912497
-6.9	0.00956805
-6.875	0.0100201
-6.85	0.010481
-6.825	0.0109505
-6.8	0.0114285
-6.775	0.0119148
-6.75	0.0124092
-6.725	0.0129115
-6.7	0.0134214
-6.675	0.0139388
-6.65	0.0144634
-6.625	0.014995
-6.6	0.0155333
-6.575	0.016078
-6.55	0.0166289
-6.525	0.0171856
-6.5	0.017748
-6.475	0.0183157
-6.45	0.0188884
-6.425	0.0194658
-6.4	0.0200476
-6.375	0.0206334
-6.35	0.021223
-6.325	0.021816
-6.3	0.022412
-6.275	0.0230108
-6.25	0.0236119
-6.225	0.024215
-6.2	0.0248198
-6.175	0.0254258
-6.15	0.0260328
-6.125	0.0266403
-6.1	0.027248
-6.075	0.0278556
-6.05	0.0284625
-6.025	0.0290685
-6	0.0296733
-5.975	0.0302762
-5.95	0.0308771
-5.925	0.0314756
-5.9	0.0320712
-5.875	0.0326635
-5.85	0.0332523
-5.825	0.0338371
-5.8	0.0344175
-5.775	0.0349932
-5.75	0.0355637
-5.725	0.0361288
-5.7	0.0366879
-5.675	0.0372409
-5.65	0.0377872
-5.625	0.0383265
-5.6	0.0388585
-5.575	0.0393827
-5.55	0.039899
-5.525	0.0404067
-5.5	0.0409057
-5.475	0.0413955
-5.45	0.0418759
-5.425	0.0423464
-5.4	0.0428067
-5.375	0.0432565
-5.35	0.0436954
-5.325	0.0441232
-5.3	0.0445393
-5.275	0.0449436
-5.25	0.0453358
-5.225	0.0457154
-5.2	0.0460823
-5.175	0.0464358
-5.15	0.046776
-5.125	0.0471023
-5.1	0.0474148
-5.075	0.0477127
-5.05	0.047996
-5.025	0.0482643
-5	0.0485174
-4.975	0.0487549
-4.95	0.0489766
-4.925	0.0491824
-4.9	0.0493716
-4.875	0.0495443
-4.85	0.0497002
-4.825	0.0498388
-4.8	0.0499602
-4.775	0.050064
-4.75	0.0501498
-4.725	0.0502176
-4.7	0.0502671
-4.675	0.0502982
-4.65	0.0503105
-4.625	0.0503039
-4.6	0.0502784
-4.575	0.0502334
-4.55	0.0501691
-4.525	0.0500853
-4.5	0.0499817
-4.475	0.0498582
-4.45	0.0497149
-4.425	0.0495514
-4.4	0.0493677
-4.375	0.0491639
-4.35	0.0489397
-4.325	0.0486952
-4.3	0.0484302
-4.275	0.048145
-4.25	0.0478391
-4.225	0.047513
-4.2	0.0471665
-4.175	0.0467997
-4.15	0.0464127
-4.125	0.0460055
-4.1	0.0455783
-4.075	0.0451313
-4.05	0.0446644
-4.025	0.0441779
-4	0.0436722
-3.975	0.0431471
-3.95	0.0426031
-3.925	0.0420406
-3.9	0.0414597
-3.875	0.0408607
-3.85	0.0402438
-3.825	0.0396096
-3.8	0.0389583
-3.775	0.0382906
-3.75	0.0376066
-3.725	0.0369067
-3.7	0.0361917
-3.675	0.0354618
-3.65	0.0347176
-3.625	0.0339596
-3.6	0.0331886
-3.575	0.0324048
-3.55	0.0316092
-3.525	0.0308021
-3.5	0.0299844
-3.475	0.0291565
-3.45	0.0283193
-3.425	0.0274735
-3.4	0.0266196
-3.375	0.0257586
-3.35	0.0248912
-3.325	0.024018
-3.3	0.0231401
-3.275	0.022258
-3.25	0.0213727
-3.225	0.0204848
-3.2	0.0195955
-3.175	0.0187055
-3.15	0.0178155
-3.125	0.0169264
-3.1	0.0160392
-3.075	0.0151546
-3.05	0.0142738
-3.025	0.0133974
-3	0.0125262
-2.975	0.0116613
-2.95	0.0108036
-2.925	0.00995388
-2.9	0.00911286
-2.875	0.00828157
-2.85	0.0074609
-2.825	0.00665158
-2.8	0.00585451
-2.775	0.00507036
-2.75	0.00430007
-2.725	0.00354444
-2.7	0.00280416
-2.675	0.00208001
-2.65	0.00137268
-2.625	0.000682975
-2.6	1.14141e-05
-2.575	-0.000641223
-2.55	-0.00127436
-2.525	-0.00188743
-2.5	-0.00247975
-2.475	-0.00305092
-2.45	-0.00360032
-2.425	-0.00412752
-2.4	-0.00463208
-2.375	-0.00511359
-2.35	-0.0055717
-2.325	-0.00600603
-2.3	-0.00641631
-2.275	-0.00680228
-2.25	-0.00716371
-2.225	-0.00750046
-2.2	-0.00781241
-2.175	-0.00809943
-2.15	-0.0083615
-2.125	-0.00859861
-2.1	-0.00881084
-2.075	-0.00899825
-2.05	-0.009161
-2.025	-0.0092993
-2	-0.00941337
-1.975	-0.00950349
-1.95	-0.00957002
-1.925	-0.00961331
-1.9	-0.00963387
-1.875	-0.00963215
-1.85	-0.00960868
-1.825	-0.00956401
-1.8	-0.00949884
-1.775	-0.00941382
-1.75	-0.00930962
-1.725	-0.00918705
-1.7	-0.0090469
-1.675	-0.00888999
-1.65	-0.00871723
-1.625	-0.00852953
-1.6	-0.00832782
-1.575	-0.00811308
-1.55	-0.00788635
-1.525	-0.00764862
-1.5	-0.0074009
-1.475	-0.00714434
-1.45	-0.00687991
-1.425	-0.00660872
-1.4	-0.00633199
-1.375	-0.00605058
-1.35	-0.00576569
-1.325	-0.00547838
-1.3	-0.00518973
-1.275	-0.00490073
-1.25	-0.00461245
-1.225	-0.00432585
-1.2	-0.00404195
-1.175	-0.0037617
-1.15	-0.00348594
-1.125	-0.00321561
-1.1	-0.00295149
-1.075	-0.00269438
-1.05	-0.00244504
-1.025	-0.0022041
-1	-0.00197229
-0.975	-0.00175016
-0.95	-0.00153817
-0.925	-0.00133683
-0.9	-0.00114669
-0.875	-0.000967898
-0.85	-0.000800849
-0.825	-0.000645761
-0.8	-0.000502904
-0.775	-0.000372324
-0.75	-0.000254065
-0.725	-0.000148225
-0.7	-5.47076e-05
-0.675	2.66402e-05
-0.65	9.57609e-05
-0.625	0.000153092
-0.6	0.000198688
-0.575	0.000232912
-0.55	0.000255948
-0.525	0.000268343
-0.5	0.000270379
-0.475	0.000262584
-0.45	0.000245311
-0.425	0.000218702
-0.4	0.000184138
-0.375	0.000141097
-0.35	9.05531e-05
-0.325	3.32731e-05
-0.3	-3.04293e-05
-0.275	-0.000100325
-0.25	-0.000175234
-0.225	-0.00025513
-0.2	-0.000338844
-0.175	-0.000426696
-0.15	-0.000517891
-0.125	-0.000611167
-0.1	-0.00070664
-0.075	-0.000803953
-0.05	-0.000902645
-0.025	-0.00100165
1.77636e-15	0
