-14.975	0.0853633
-14.95	0.0847373
-14.925	0.0841126
-14.9	0.0834894
-14.875	0.0828677
-14.85	0.0822477
-14.825	0.0816292
-14.8	0.0810125
-14.775	0.0803974
-14.75	0.0797839
-14.725	0.0791722
-14.7	0.0785619
-14.675	0.0779532
-14.65	0.0773461
-14.625	0.0767402
-14.6	0.0761357
-14.575	0.0755324
-14.55	0.0749302
-14.525	0.0743289
-14.5	0.0737286
-14.475	0.073129
-14.45	0.0725299
-14.425	0.0719314
-14.4	0.0713333
-14.375	0.0707354
-14.35	0.0701376
-14.325	0.0695398
-14.3	0.0689419
-14.275	0.0683437
-14.25	0.0677452
-14.225	0.0671463
-14.2	0.0665468
-14.175	0.0659467
-14.15	0.0653459
-14.125	0.0647444
-14.1	0.0641421
-14.075	0.0635388
-14.05	0.0629347
-14.025	0.0623296
-14	0.0617236
-13.975	0.0611165
-13.95	0.0605085
-13.925	0.0598995
-13.9	0.0592895
-13.875	0.0586785
-13.85	0.0580666
-13.825	0.0574536
-13.8	0.0568399
-13.775	0.0562251
-13.75	0.0556095
-13.725	0.0549931
-13.7	0.0543759
-13.675	0.0537578
-13.65	0.0531391
-13.625	0.0525196
-13.6	0.0518995
-13.575	0.0512787
-13.55	0.0506573
-13.525	0.0500353
-13.5	0.0494127
-13.475	0.0487895
-13.45	0.0481658
-13.425	0.0475416
-13.4	0.0469167
-13.375	0.0462914
-13.35	0.0456655
-13.325	0.045039
-13.3	0.044412
-13.275	0.0437843
-13.25	0.043156
-13.225	0.0425271
-13.2	0.0418976
-13.175	0.0412674
-13.15	0.0406364
-13.125	0.0400047
-13.1	0.0393722
-13.075	0.038739
-13.05	0.0381049
-13.025	0.03747
-13	0.0368342
-12.975	0.0361975
-12.95	0.03556
-12.925	0.0349215
-12.9	0.0342821
-12.875	0.0336417
-12.85	0.0330004
-12.825	0.032358
-12.8	0.0317146
-12.775	0.0310702
-12.75	0.0304247
-12.725	0.029778
-12.7	0.0291303
-12.675	0.0284814
-12.65	0.0278313
-12.625	0.0271799
-12.6	0.0265273
-12.575	0.0258734
-12.55	0.0252182
-12.525	0.0245615
-12.5	0.0239035
-12.475	0.023244
-12.45	0.0225829
-12.425	0.0219203
-12.4	0.0212561
-12.375	0.0205902
-12.35	0.0199227
-12.325	0.0192534
-12.3	0.0185825
-12.275	0.0179097
-12.25	0.0172352
-12.225	0.0165589
-12.2	0.0158808
-12.175	0.0152009
-12.15	0.0145194
-12.125	0.0138361
-12.1	0.0131511
-12.075	0.0124644
-12.05	0.0117761
-12.025	0.0110864
-12	0.0103952
-11.975	0.00970264
-11.95	0.00900882
-11.925	0.00831396
-11.9	0.0076181
-11.875	0.0069214
-11.85	0.00622403
-11.825	0.00552622
-11.8	0.00482808
-11.775	0.00412986
-11.75	0.00343177
-11.725	0.00273402
-11.7	0.00203689
-11.675	0.00134059
-11.65	0.000645373
-11.625	-4.84452e-05
-11.6	-0.00074062
-11.575	-0.00143086
-11.55	-0.00211886
-11.525	-0.00280432
-11.5	-0.00348693
-11.475	-0.00416642
-11.45	-0.00484241
-11.425	-0.00551465
-11.4	-0.00618281
-11.375	-0.00684661
-11.35	-0.00750565
-11.325	-0.00815971
-11.3	-0.00880847
-11.275	-0.00945157
-11.25	-0.0100888
-11.225	-0.0107197
-11.2	-0.0113441
-11.175	-0.0119618
-11.15	-0.0125722
-11.125	-0.0131752
-11.1	-0.0137706
-11.075	-0.0143578
-11.05	-0.0149368
-11.025	-0.0155072
-11	-0.0160688
-10.975	-0.0166212
-10.95	-0.0171642
-10.925	-0.0176976
-10.9	-0.0182211
-10.875	-0.0187343
-10.85	-0.0192372
-10.825	-0.0197294
-10.8	-0.0202106
-10.775	-0.0206808
-10.75	-0.0211395
-10.725	-0.0215867
-10.7	-0.0220221
-10.675	-0.0224456
-10.65	-0.0228567
-10.625	-0.0232555
-10.6	-0.0236417
-10.575	-0.024015
-10.55	-0.0243754
-10.525	-0.0247226
-10.5	-0.0250564
-10.475	-0.0253767
-10.45	-0.0256833
-10.425	-0.025976
-10.4	-0.0262548
-10.375	-0.0265195
-10.35	-0.0267699
-10.325	-0.0270059
-10.3	-0.0272274
-10.275	-0.0274343
-10.25	-0.0276265
-10.225	-0.027804
-10.2	-0.0279666
-10.175	-0.0281143
-10.15	-0.028247
-10.125	-0.0283647
-10.1	-0.0284674
-10.075	-0.0285549
-10.05	-0.0286274
-10.025	-0.0286847
-10	-0.0287269
-9.975	-0.028754
-9.95	-0.028766
-9.925	-0.0287629
-9.9	-0.0287449
-9.875	-0.0287118
-9.85	-0.0286639
-9.825	-0.0286012
-9.8	-0.0285237
-9.775	-0.0284315
-9.75	-0.0283248
-9.725	-0.0282037
-9.7	-0.0280683
-9.675	-0.0279187
-9.65	-0.0277552
-9.625	-0.0275779
-9.6	-0.0273868
-9.575	-0.0271824
-9.55	-0.0269648
-9.525	-0.0267342
-9.5	-0.0264909
-9.475	-0.0262351
-9.45	-0.0259672
-9.425	-0.0256873
-9.4	-0.025396
-9.375	-0.0250934
-9.35	-0.0247799
-9.325	-0.0244559
-9.3	-0.0241218
-9.275	-0.0237778
-9.25	-0.0234246
-9.225	-0.0230623
-9.2	-0.0226916
-9.175	-0.0223128
-9.15	-0.0219264
-9.125	-0.0215328
-9.1	-0.0211326
-9.075	-0.0207261
-9.05	-0.020314
-9.025	-0.0198966
-9	-0.0194745
-8.975	-0.0190483
-8.95	-0.0186183
-8.925	-0.0181852
-8.9	-0.0177494
-8.875	-0.0173115
-8.85	-0.016872
-8.825	-0.0164313
-8.8	-0.01599
-8.775	-0.0155486
-8.75	-0.0151076
-8.725	-0.0146674
-8.7	-0.0142287
-8.675	-0.0137919
-8.65	-0.0133574
-8.625	-0.0129258
-8.6	-0.0124976
-8.575	-0.0120731
-8.55	-0.011653
-8.525	-0.0112375
-8.5	-0.0108272
-8.475	-0.0104225
-8.45	-0.0100239
-8.425	-0.00963165
-8.4	-0.00924629
-8.375	-0.00886812
-8.35	-0.00849757
-8.325	-0.00813498
-8.3	-0.00778067
-8.275	-0.00743501
-8.25	-0.00709823
-8.225	-0.00677075
-8.2	-0.0064527
-8.175	-0.00614446
-8.15	-0.00584613
-8.125	-0.00555799
-8.1	-0.00528027
-8.075	-0.00501316
-8.05	-0.00475674
-8.025	-0.00451122
-8	-0.00427671
-7.975	-0.00405328
-7.95	-0.00384104
-7.925	-0.00363998
-7.9	-0.00345018
-7.875	-0.00327167
-7.85	-0.00310444
-7.825	-0.00294852
-7.8	-0.00280378
-7.775	-0.00267023
-7.75	-0.0025478
-7.725	-0.00243633
-7.7	-0.00233578
-7.675	-0.00224597
-7.65	-0.00216688
-7.625	-0.0020982
-7.6	-0.00203988
-7.575	-0.00199169
-7.55	-0.00195343
-7.525	-0.00192504
-7.5	-0.00190606
-7.475	-0.00189648
-7.45	-0.00189594
-7.425	-0.00190431
-7.4	-0.00192127
-7.375	-0.00194659
-7.35	-0.00197998
-7.325	-0.00202131
-7.3	-0.00207019
-7.275	-0.00212637
-7.25	-0.00218967
-7.225	-0.00225974
-7.2	-0.00233634
-7.175	-0.00241922
-7.15	-0.0025081
-7.125	-0.00260278
-7.1	-0.00270291
-7.075	-0.00280826
-7.05	-0.0029186
-7.025	-0.00303369
-7	-0.00315327
-6.975	-0.00327707
-6.95	-0.00340488
-6.925	-0.00353646
-6.9	-0.00367157
-6.875	-0.00380999
-6.85	-0.00395155
-6.825	-0.00409596
-6.8	-0.00424313
-6.775	-0.00439278
-6.75	-0.0045447
-6.725	-0.00469882
-6.7	-0.00485492
-6.675	-0.00501285
-6.65	-0.00517247
-6.625	-0.00533364
-6.6	-0.00549621
-6.575	-0.00566007
-6.55	-0.00582511
-6.525	-0.00599122
-6.5	-0.00615829
-6.475	-0.00632625
-6.45	-0.00649493
-6.425	-0.00666439
-6.4	-0.00683448
-6.375	-0.00700509
-6.35	-0.00717616
-6.325	-0.00734782
-6.3	-0.00751965
-6.275	-0.0076919
-6.25	-0.00786438
-6.225	-0.00803735
-6.2	-0.00821038
-6.175	-0.00838364
-6.15	-0.00855713
-6.125	-0.00873077
-6.1	-0.00890459
-6.075	-0.00907858
-6.05	-0.00925265
-6.025	-0.00942698
-6	-0.00960133
-5.975	-0.00977589
-5.95	-0.00995065
-5.925	-0.0101254
-5.9	-0.0103004
-5.875	-0.0104756
-5.85	-0.0106509
-5.825	-0.0108264
-5.8	-0.0110021
-5.775	-0.0111779
-5.75	-0.0113538
-5.725	-0.01153
-5.7	-0.0117063
-5.675	-0.0118829
-5.65	-0.0120595
-5.625	-0.0122363
-5.6	-0.0124132
-5.575	-0.0125901
-5.55	-0.0127673
-5.525	-0.0129445
-5.5	-0.0131216
-5.475	-0.0132989
-5.45	-0.013476
-5.425	-0.0136531
-5.4	-0.01383
-5.375	-0.0140068
-5.35	-0.0141832
-5.325	-0.0143594
-5.3	-0.014535
-5.275	-0.0147103
-5.25	-0.014885
-5.225	-0.0150589
-5.2	-0.0152322
-5.175	-0.0154044
-5.15	-0.0155755
-5.125	-0.0157457
-5.1	-0.0159144
-5.075	-0.0160816
-5.05	-0.0162475
-5.025	-0.0164113
-5	-0.0165734
-4.975	-0.0167334
-4.95	-0.016891
-4.925	-0.0170462
-4.9	-0.0171987
-4.875	-0.0173486
-4.85	-0.0174955
-4.825	-0.0176391
-4.8	-0.0177795
-4.775	-0.0179167
-4.75	-0.0180499
-4.725	-0.0181797
-4.7	-0.0183054
-4.675	-0.0184272
-4.65	-0.0185448
-4.625	-0.0186581
-4.6	-0.0187671
-4.575	-0.0188716
-4.55	-0.0189716
-4.525	-0.0190669
-4.5	-0.0191577
-4.475	-0.0192437
-4.45	-0.019325
-4.425	-0.0194015
-4.4	-0.0194732
-4.375	-0.0195403
-4.35	-0.0196027
-4.325	-0.0196601
-4.3	-0.0197133
-4.275	-0.0197615
-4.25	-0.0198052
-4.225	-0.0198446
-4.2	-0.0198795
-4.175	-0.0199102
-4.15	-0.0199368
-4.125	-0.0199592
-4.1	-0.0199776
-4.075	-0.0199924
-4.05	-0.0200034
-4.025	-0.0200108
-4	-0.020015
-3.975	-0.0200162
-3.95	-0.0200139
-3.925	-0.020009
-3.9	-0.0200015
-3.875	-0.0199917
-3.85	-0.0199795
-3.825	-0.0199653
-3.8	-0.019949
-3.775	-0.0199317
-3.75	-0.0199125
-3.725	-0.0198924
-3.7	-0.0198716
-3.675	-0.0198501
-3.65	-0.0198281
-3.625	-0.0198062
-3.6	-0.019784
-3.575	-0.0197627
-3.55	-0.0197417
-3.525	-0.0197215
-3.5	-0.0197024
-3.475	-0.0196848
-3.45	-0.0196684
-3.425	-0.0196539
-3.4	-0.0196413
-3.375	-0.019631
-3.35	-0.0196229
-3.325	-0.0196172
-3.3	-0.0196138
-3.275	-0.019613
-3.25	-0.019615
-3.225	-0.0196198
-3.2	-0.0196273
-3.175	-0.0196372
-3.15	-0.0196499
-3.125	-0.0196652
-3.1	-0.0196827
-3.075	-0.0197027
-3.05	-0.0197244
-3.025	-0.0197482
-3	-0.0197734
-2.975	-0.0197996
-2.95	-0.0198267
-2.925	-0.0198542
-2.9	-0.0198816
-2.875	-0.0199084
-2.85	-0.0199341
-2.825	-0.0199582
-2.8	-0.01998
-2.775	-0.0199989
-2.75	-0.0200143
-2.725	-0.0200254
-2.7	-0.0200314
-2.675	-0.0200319
-2.65	-0.0200258
-2.625	-0.0200127
-2.6	-0.0199914
-2.575	-0.0199612
-2.55	-0.0199213
-2.525	-0.019871
-2.5	-0.0198095
-2.475	-0.019736
-2.45	-0.0196496
-2.425	-0.0195497
-2.4	-0.0194355
-2.375	-0.0193064
-2.35	-0.0191614
-2.325	-0.0190003
-2.3	-0.0188223
-2.275	-0.0186268
-2.25	-0.0184134
-2.225	-0.0181817
-2.2	-0.0179313
-2.175	-0.0176619
-2.15	-0.0173732
-2.125	-0.0170651
-2.1	-0.0167375
-2.075	-0.0163905
-2.05	-0.016024
-2.025	-0.0156382
-2	-0.0152335
-1.975	-0.0148101
-1.95	-0.0143684
-1.925	-0.013909
-1.9	-0.0134324
-1.875	-0.0129394
-1.85	-0.0124308
-1.825	-0.0119073
-1.8	-0.01137
-1.775	-0.0108199
-1.75	-0.0102581
-1.725	-0.00968569
-1.7	-0.00910405
-1.675	-0.00851442
-1.65	-0.00791818
-1.625	-0.00731675
-1.6	-0.00671165
-1.575	-0.00610436
-1.55	-0.00549637
-1.525	-0.00488923
-1.5	-0.00428462
-1.475	-0.00368416
-1.45	-0.00308933
-1.425	-0.00250165
-1.4	-0.00192299
-1.375	-0.00135468
-1.35	-0.000798394
-1.325	-0.000255599
-1.3	0.00027218
-1.275	0.00078354
-1.25	0.00127706
-1.225	0.00175134
-1.2	0.00220523
-1.175	0.00263745
-1.15	0.00304683
-1.125	0.00343236
-1.1	0.00379312
-1.075	0.00412823
-1.05	0.00443694
-1.025	0.00471859
-1	0.00497265
-0.975	0.00519865
-0.95	0.00539634
-0.925	0.00556545
-0.9	0.00570589
-0.875	0.00581777
-0.85	0.00590111
-0.825	0.0059564
-0.8	0.00598367
-0.775	0.00598381
-0.75	0.00595709
-0.725	0.00590431
-0.7	0.00582634
-0.675	0.00572413
-0.65	0.00559838
-0.625	0.00545058
-0.6	0.00528154
-0.575	0.00509248
-0.55	0.00488489
-0.525	0.00465997
-0.5	0.00441914
-0.475	0.00416391
-0.45	0.00389543
-0.425	0.00361579
-0.4	0.003326
-0.375	0.0030277
-0.35	0.00272262
-0.325	0.00241228
-0.3	0.0020986
-0.275	0.00178272
-0.25	0.00146619
-0.225	0.00115117
-0.2	0.000838544
-0.175	0.000529139
-0.15	0.000226341
-0.125	-6.90032e-05
-0.1	-0.000356727
-0.075	-0.000634846
-0.05	-0.000899362
-0.025	-0.00115256
1.77636e-15	0
