-14.975	-0.0332055
-14.95	-0.0330073
-14.925	-0.0328056
-14.9	-0.0326004
-14.875	-0.0323918
-14.85	-0.0321798
-14.825	-0.0319644
-14.8	-0.0317456
-14.775	-0.0315236
-14.75	-0.0312983
-14.725	-0.0310698
-14.7	-0.0308381
-14.675	-0.0306033
-14.65	-0.0303653
-14.625	-0.0301242
-14.6	-0.0298801
-14.575	-0.0296329
-14.55	-0.0293826
-14.525	-0.0291295
-14.5	-0.0288734
-14.475	-0.0286143
-14.45	-0.0283524
-14.425	-0.0280876
-14.4	-0.02782
-14.375	-0.0275496
-14.35	-0.0272765
-14.325	-0.0270006
-14.3	-0.026722
-14.275	-0.0264408
-14.25	-0.0261569
-14.225	-0.0258704
-14.2	-0.0255813
-14.175	-0.0252895
-14.15	-0.0249952
-14.125	-0.0246982
-14.1	-0.0243987
-14.075	-0.0240965
-14.05	-0.0237917
-14.025	-0.0234842
-14	-0.0231741
-13.975	-0.0228612
-13.95	-0.0225457
-13.925	-0.0222273
-13.9	-0.0219063
-13.875	-0.0215824
-13.85	-0.0212557
-13.825	-0.0209261
-13.8	-0.0205936
-13.775	-0.0202583
-13.75	-0.0199201
-13.725	-0.0195789
-13.7	-0.0192349
-13.675	-0.0188879
-13.65	-0.018538
-13.625	-0.0181852
-13.6	-0.0178295
-13.575	-0.017471
-13.55	-0.0171096
-13.525	-0.0167455
-13.5	-0.0163787
-13.475	-0.0160091
-13.45	-0.015637
-13.425	-0.0152624
-13.4	-0.0148853
-13.375	-0.0145059
-13.35	-0.0141242
-13.325	-0.0137404
-13.3	-0.0133546
-13.275	-0.0129668
-13.25	-0.0125773
-13.225	-0.0121862
-13.2	-0.0117935
-13.175	-0.0113995
-13.15	-0.0110044
-13.125	-0.0106083
-13.1	-0.0102113
-13.075	-0.00981368
-13.05	-0.00941573
-13.025	-0.00901751
-13	-0.00861932
-12.975	-0.00822137
-12.95	-0.0078239
-12.925	-0.00742713
-12.9	-0.00703142
-12.875	-0.00663687
-12.85	-0.00624389
-12.825	-0.00585265
-12.8	-0.00546348
-12.775	-0.00507663
-12.75	-0.00469235
-12.725	-0.00431094
-12.7	-0.00393274
-12.675	-0.00355786
-12.65	-0.00318671
-12.625	-0.00281949
-12.6	-0.00245648
-12.575	-0.00209797
-12.55	-0.00174408
-12.525	-0.00139523
-12.5	-0.0010515
-12.475	-0.00071327
-12.45	-0.000380622
-12.425	-5.38556e-05
-12.4	0.000266816
-12.375	0.000581218
-12.35	0.00088915
-12.325	0.00119041
-12.3	0.00148493
-12.275	0.00177241
-12.25	0.00205274
-12.225	0.00232577
-12.2	0.00259136
-12.175	0.0028494
-12.15	0.00309973
-12.125	0.00334219
-12.1	0.0035767
-12.075	0.00380317
-12.05	0.00402149
-12.025	0.00423155
-12	0.00443325
-11.975	0.00462656
-11.95	0.00481132
-11.925	0.00498754
-11.9	0.00515514
-11.875	0.00531395
-11.85	0.00546405
-11.825	0.00560535
-11.8	0.00573778
-11.775	0.00586131
-11.75	0.00597587
-11.725	0.00608148
-11.7	0.00617815
-11.675	0.00626577
-11.65	0.0063444
-11.625	0.00641399
-11.6	0.0064746
-11.575	0.00652622
-11.55	0.0065689
-11.525	0.00660261
-11.5	0.00662752
-11.475	0.0066436
-11.45	0.00665094
-11.425	0.00664966
-11.4	0.00663987
-11.375	0.00662163
-11.35	0.00659513
-11.325	0.00656052
-11.3	0.00651789
-11.275	0.00646747
-11.25	0.00640935
-11.225	0.00634382
-11.2	0.00627103
-11.175	0.00619122
-11.15	0.0061046
-11.125	0.0060114
-11.1	0.00591187
-11.075	0.00580631
-11.05	0.00569497
-11.025	0.00557806
-11	0.00545595
-10.975	0.00532889
-10.95	0.00519714
-10.925	0.00506111
-10.9	0.00492102
-10.875	0.00477727
-10.85	0.0046301
-10.825	0.00447988
-10.8	0.00432694
-10.775	0.00417149
-10.75	0.004014
-10.725	0.00385468
-10.7	0.00369388
-10.675	0.00353186
-10.65	0.00336892
-10.625	0.00320548
-10.6	0.00304166
-10.575	0.00287791
-10.55	0.0027144
-10.525	0.00255138
-10.5	0.00238921
-10.475	0.00222803
-10.45	0.00206816
-10.425	0.00190973
-10.4	0.00175308
-10.375	0.00159831
-10.35	0.00144562
-10.325	0.00129524
-10.3	0.00114736
-10.275	0.0010021
-10.25	0.000859702
-10.225	0.000720201
-10.2	0.000583845
-10.175	0.000450763
-10.15	0.000321044
-10.125	0.000194867
-10.1	7.23139e-05
-10.075	-4.65008e-05
-10.05	-0.000161401
-10.025	-0.000272278
-10	-0.000379156
-9.975	-0.00048184
-9.95	-0.0005803
-9.925	-0.000674524
-9.9	-0.00076432
-9.875	-0.000849809
-9.85	-0.000930846
-9.825	-0.00100744
-9.8	-0.00107967
-9.775	-0.00114734
-9.75	-0.00121068
-9.725	-0.00126954
-9.7	-0.00132401
-9.675	-0.00137421
-9.65	-0.00142014
-9.625	-0.00146182
-9.6	-0.00149935
-9.575	-0.00153288
-9.55	-0.00156249
-9.525	-0.00158825
-9.5	-0.00161036
-9.475	-0.00162888
-9.45	-0.00164403
-9.425	-0.00165588
-9.4	-0.00166464
-9.375	-0.00167053
-9.35	-0.00167368
-9.325	-0.0016743
-9.3	-0.00167248
-9.275	-0.00166857
-9.25	-0.00166261
-9.225	-0.00165503
-9.2	-0.00164592
-9.175	-0.00163549
-9.15	-0.001624
-9.125	-0.00161167
-9.1	-0.0015987
-9.075	-0.00158529
-9.05	-0.00157182
-9.025	-0.00155834
-9	-0.00154521
-8.975	-0.00153245
-8.95	-0.00152046
-8.925	-0.00150932
-8.9	-0.00149924
-8.875	-0.00149047
-8.85	-0.00148314
-8.825	-0.00147741
-8.8	-0.00147341
-8.775	-0.00147147
-8.75	-0.00147162
-8.725	-0.00147399
-8.7	-0.0014788
-8.675	-0.00148616
-8.65	-0.00149622
-8.625	-0.00150904
-8.6	-0.00152468
-8.575	-0.00154339
-8.55	-0.00156517
-8.525	-0.00159007
-8.5	-0.00161823
-8.475	-0.00164966
-8.45	-0.00168443
-8.425	-0.00172258
-8.4	-0.00176421
-8.375	-0.00180937
-8.35	-0.00185798
-8.325	-0.00191018
-8.3	-0.00196597
-8.275	-0.00202528
-8.25	-0.00208821
-8.225	-0.00215477
-8.2	-0.00222486
-8.175	-0.00229859
-8.15	-0.00237588
-8.125	-0.00245674
-8.1	-0.00254114
-8.075	-0.002629
-8.05	-0.00272036
-8.025	-0.00281509
-8	-0.00291325
-7.975	-0.00301463
-7.95	-0.0031193
-7.925	-0.00322714
-7.9	-0.00333811
-7.875	-0.0034521
-7.85	-0.00356904
-7.825	-0.00368877
-7.8	-0.00381128
-7.775	-0.00393639
-7.75	-0.00406396
-7.725	-0.00419393
-7.7	-0.00432607
-7.675	-0.00446029
-7.65	-0.00459641
-7.625	-0.00473428
-7.6	-0.0048737
-7.575	-0.0050145
-7.55	-0.00515649
-7.525	-0.00529948
-7.5	-0.00544327
-7.475	-0.00558763
-7.45	-0.00573236
-7.425	-0.0058773
-7.4	-0.00602214
-7.375	-0.00616663
-7.35	-0.00631061
-7.325	-0.00645384
-7.3	-0.00659593
-7.275	-0.0067368
-7.25	-0.00687606
-7.225	-0.00701349
-7.2	-0.00714884
-7.175	-0.00728179
-7.15	-0.00741203
-7.125	-0.00753935
-7.1	-0.00766346
-7.075	-0.00778402
-7.05	-0.00790079
-7.025	-0.00801352
-7	-0.00812183
-6.975	-0.00822552
-6.95	-0.0083243
-6.925	-0.00841788
-6.9	-0.00850602
-6.875	-0.00858845
-6.85	-0.00866484
-6.825	-0.00873513
-6.8	-0.00879888
-6.775	-0.00885595
-6.75	-0.00890612
-6.725	-0.00894912
-6.7	-0.00898479
-6.675	-0.00901295
-6.65	-0.00903336
-6.625	-0.00904586
-6.6	-0.00905029
-6.575	-0.00904655
-6.55	-0.00903438
-6.525	-0.00901368
-6.5	-0.0089844
-6.475	-0.00894629
-6.45	-0.00889933
-6.425	-0.0088434
-6.4	-0.00877829
-6.375	-0.00870416
-6.35	-0.00862071
-6.325	-0.00852803
-6.3	-0.00842596
-6.275	-0.00831457
-6.25	-0.00819377
-6.225	-0.00806354
-6.2	-0.00792386
-6.175	-0.00777486
-6.15	-0.00761638
-6.125	-0.00744862
-6.1	-0.0072715
-6.075	-0.00708515
-6.05	-0.00688961
-6.025	-0.00668497
-6	-0.00647132
-5.975	-0.00624865
-5.95	-0.00601719
-5.925	-0.0057771
-5.9	-0.00552835
-5.875	-0.00527116
-5.85	-0.00500559
-5.825	-0.00473184
-5.8	-0.00445016
-5.775	-0.00416053
-5.75	-0.00386316
-5.725	-0.00355829
-5.7	-0.00324614
-5.675	-0.00292669
-5.65	-0.00260019
-5.625	-0.00226691
-5.6	-0.00192699
-5.575	-0.00158057
-5.55	-0.00122792
-5.525	-0.00086924
-5.5	-0.000504643
-5.475	-0.000134276
-5.45	0.000241599
-5.425	0.000622751
-5.4	0.00100896
-5.375	0.00140009
-5.35	0.00179601
-5.325	0.00219644
-5.3	0.00260135
-5.275	0.00301005
-5.25	0.00342298
-5.225	0.00383959
-5.2	0.00425988
-5.175	0.00468325
-5.15	0.0051101
-5.125	0.00553983
-5.1	0.00597224
-5.075	0.00640734
-5.05	0.00684485
-5.025	0.00728446
-5	0.00772598
-4.975	0.0081696
-4.95	0.00861435
-4.925	0.00906058
-4.9	0.00950781
-4.875	0.00995605
-4.85	0.0104049
-4.825	0.010854
-4.8	0.0113034
-4.775	0.0117526
-4.75	0.0122016
-4.725	0.0126499
-4.7	0.0130977
-4.675	0.0135442
-4.65	0.0139898
-4.625	0.0144338
-4.6	0.0148762
-4.575	0.0153167
-4.55	0.0157552
-4.525	0.0161916
-4.5	0.0166256
-4.475	0.0170569
-4.45	0.0174856
-4.425	0.0179116
-4.4	0.0183349
-4.375	0.0187548
-4.35	0.0191717
-4.325	0.0195856
-4.3	0.019996
-4.275	0.0204036
-4.25	0.0208079
-4.225	0.0212089
-4.2	0.0216068
-4.175	0.0220017
-4.15	0.0223935
-4.125	0.0227824
-4.1	0.0231687
-4.075	0.0235523
-4.05	0.0239334
-4.025	0.0243122
-4	0.0246887
-3.975	0.0250636
-3.95	0.0254366
-3.925	0.0258079
-3.9	0.0261783
-3.875	0.0265475
-3.85	0.0269159
-3.825	0.0272837
-3.8	0.0276511
-3.775	0.0280183
-3.75	0.0283857
-3.725	0.0287534
-3.7	0.0291219
-3.675	0.0294911
-3.65	0.0298614
-3.625	0.0302328
-3.6	0.0306054
-3.575	0.0309795
-3.55	0.0313553
-3.525	0.0317329
-3.5	0.0321121
-3.475	0.0324934
-3.45	0.0328762
-3.425	0.0332611
-3.4	0.0336477
-3.375	0.0340359
-3.35	0.0344255
-3.325	0.0348163
-3.3	0.0352081
-3.275	0.0355999
-3.25	0.0359926
-3.225	0.0363847
-3.2	0.036776
-3.175	0.0371657
-3.15	0.0375531
-3.125	0.0379378
-3.1	0.0383183
-3.075	0.0386946
-3.05	0.0390645
-3.025	0.0394284
-3	0.0397843
-2.975	0.040131
-2.95	0.0404674
-2.925	0.0407919
-2.9	0.0411035
-2.875	0.0414003
-2.85	0.0416809
-2.825	0.041944
-2.8	0.0421875
-2.775	0.0424099
-2.75	0.0426095
-2.725	0.0427846
-2.7	0.0429335
-2.675	0.0430541
-2.65	0.0431448
-2.625	0.0432039
-2.6	0.0432296
-2.575	0.0432199
-2.55	0.0431736
-2.525	0.0430885
-2.5	0.0429633
-2.475	0.0427963
-2.45	0.0425861
-2.425	0.0423314
-2.4	0.0420306
-2.375	0.0416829
-2.35	0.0412868
-2.325	0.0408416
-2.3	0.0403466
-2.275	0.039801
-2.25	0.0392042
-2.225	0.0385559
-2.2	0.037856
-2.175	0.0371046
-2.15	0.0363016
-2.125	0.0354477
-2.1	0.0345434
-2.075	0.0335893
-2.05	0.0325867
-2.025	0.0315367
-2	0.0304408
-1.975	0.0293006
-1.95	0.0281179
-1.925	0.0268949
-1.9	0.0256338
-1.875	0.0243371
-1.85	0.0230075
-1.825	0.0216479
-1.8	0.0202613
-1.775	0.018851
-1.75	0.0174202
-1.725	0.0159725
-1.7	0.0145115
-1.675	0.013041
-1.65	0.0115648
-1.625	0.0100867
-1.6	0.00861074
-1.575	0.00714083
-1.55	0.005681
-1.525	0.00423515
-1.5	0.00280727
-1.475	0.00140132
-1.45	2.09557e-05
-1.425	-0.00133
-1.4	-0.00264802
-1.375	-0.00392954
-1.35	-0.00517128
-1.325	-0.00637011
-1.3	-0.00752307
-1.275	-0.00862733
-1.25	-0.00968026
-1.225	-0.0106795
-1.2	-0.011623
-1.175	-0.0125091
-1.15	-0.0133353
-1.125	-0.0141009
-1.1	-0.0148045
-1.075	-0.015445
-1.05	-0.0160217
-1.025	-0.0165342
-1	-0.0169821
-0.975	-0.0173654
-0.95	-0.0176843
-0.925	-0.0179391
-0.9	-0.0181304
-0.875	-0.0182589
-0.85	-0.018326
-0.825	-0.0183316
-0.8	-0.0182782
-0.775	-0.0181668
-0.75	-0.0179988
-0.725	-0.0177759
-0.7	-0.0175
-0.675	-0.0171731
-0.65	-0.016797
-0.625	-0.0163741
-0.6	-0.0159056
-0.575	-0.0153947
-0.55	-0.0148435
-0.525	-0.0142538
-0.5	-0.0136285
-0.475	-0.0129697
-0.45	-0.0122795
-0.425	-0.0115615
-0.4	-0.0108157
-0.375	-0.0100467
-0.35	-0.00925658
-0.325	-0.00844623
-0.3	-0.0076196
-0.275	-0.00677787
-0.25	-0.00592338
-0.225	-0.00505873
-0.2	-0.00418772
-0.175	-0.00330685
-0.15	-0.00242565
-0.125	-0.00153909
-0.1	-0.000652551
-0.075	0.000232073
-0.05	0.00111443
-0.025	0.00199179
1.77636e-15	0
