-14.975	0.00409317
-14.95	0.00406387
-14.925	0.00403441
-14.9	0.0040048
-14.875	0.00397502
-14.85	0.00394509
-14.825	0.003915
-14.8	0.00388476
-14.775	0.00385437
-14.75	0.00382382
-14.725	0.00379312
-14.7	0.00376227
-14.675	0.00373126
-14.65	0.00370011
-14.625	0.00366882
-14.6	0.00363737
-14.575	0.00360578
-14.55	0.00357404
-14.525	0.00354217
-14.5	0.00351015
-14.475	0.00347799
-14.45	0.00344569
-14.425	0.00341325
-14.4	0.00338068
-14.375	0.00334798
-14.35	0.00331515
-14.325	0.00328218
-14.3	0.00324909
-14.275	0.00321586
-14.25	0.00318251
-14.225	0.00314905
-14.2	0.00311546
-14.175	0.00308175
-14.15	0.00304792
-14.125	0.00301398
-14.1	0.00297993
-14.075	0.00294577
-14.05	0.0029115
-14.025	0.00287712
-14	0.00284264
-13.975	0.00280806
-13.95	0.00277338
-13.925	0.00273861
-13.9	0.00270374
-13.875	0.00266878
-13.85	0.00263374
-13.825	0.00259861
-13.8	0.00256341
-13.775	0.00252812
-13.75	0.00249276
-13.725	0.00245733
-13.7	0.00242184
-13.675	0.00238627
-13.65	0.00235065
-13.625	0.00231497
-13.6	0.00227923
-13.575	0.00224344
-13.55	0.00220761
-13.525	0.00217173
-13.5	0.00213582
-13.475	0.00209986
-13.45	0.00206387
-13.425	0.00202785
-13.4	0.0019918
-13.375	0.00195573
-13.35	0.00191964
-13.325	0.00188354
-13.3	0.00184743
-13.275	0.0018113
-13.25	0.00177517
-13.225	0.00173903
-13.2	0.00170289
-13.175	0.00166676
-13.15	0.00163064
-13.125	0.00159452
-13.1	0.00155842
-13.075	0.00152233
-13.05	0.00148626
-13.025	0.00145022
-13	0.0014142
-12.975	0.0013782
-12.95	0.00134223
-12.925	0.0013063
-12.9	0.0012704
-12.875	0.00123453
-12.85	0.00119871
-12.825	0.00116292
-12.8	0.00112718
-12.775	0.00109149
-12.75	0.00105585
-12.725	0.00102026
-12.7	0.000984715
-12.675	0.00094923
-12.65	0.0009138
-12.625	0.000878432
-12.6	0.000843124
-12.575	0.000807877
-12.55	0.000772696
-12.525	0.000737581
-12.5	0.000702531
-12.475	0.000667556
-12.45	0.000632647
-12.425	0.000597816
-12.4	0.000563058
-12.375	0.000528377
-12.35	0.00049377
-12.325	0.000459246
-12.3	0.000424801
-12.275	0.000390436
-12.25	0.000356155
-12.225	0.000321951
-12.2	0.000287832
-12.175	0.000253802
-12.15	0.000219855
-12.125	0.000185994
-12.1	0.000152219
-12.075	0.000118533
-12.05	8.49305e-05
-12.025	5.14192e-05
-12	1.79853e-05
-11.975	-1.53536e-05
-11.95	-4.86116e-05
-11.925	-8.17801e-05
-11.9	-0.000114868
-11.875	-0.00014787
-11.85	-0.000180785
-11.825	-0.000213619
-11.8	-0.000246375
-11.775	-0.000279047
-11.75	-0.000311647
-11.725	-0.000344162
-11.7	-0.000376603
-11.675	-0.000408964
-11.65	-0.000441256
-11.625	-0.000473473
-11.6	-0.000505626
-11.575	-0.000537708
-11.55	-0.000569725
-11.525	-0.000601676
-11.5	-0.000633569
-11.475	-0.0006654
-11.45	-0.000697175
-11.425	-0.000728895
-11.4	-0.000760555
-11.375	-0.00079217
-11.35	-0.000823725
-11.325	-0.000855238
-11.3	-0.000886704
-11.275	-0.000918128
-11.25	-0.000949507
-11.225	-0.00098084
-11.2	-0.00101214
-11.175	-0.0010434
-11.15	-0.00107462
-11.125	-0.00110581
-11.1	-0.00113697
-11.075	-0.00116809
-11.05	-0.00119919
-11.025	-0.00123027
-11	-0.00126131
-10.975	-0.00129234
-10.95	-0.00132335
-10.925	-0.00135433
-10.9	-0.0013853
-10.875	-0.00141625
-10.85	-0.00144719
-10.825	-0.00147811
-10.8	-0.00150903
-10.775	-0.00153993
-10.75	-0.00157083
-10.725	-0.00160172
-10.7	-0.00163262
-10.675	-0.00166351
-10.65	-0.0016944
-10.625	-0.0017253
-10.6	-0.0017562
-10.575	-0.00178711
-10.55	-0.00181804
-10.525	-0.00184897
-10.5	-0.00187993
-10.475	-0.0019109
-10.45	-0.00194189
-10.425	-0.00197291
-10.4	-0.00200396
-10.375	-0.00203504
-10.35	-0.00206615
-10.325	-0.0020973
-10.3	-0.00212849
-10.275	-0.00215973
-10.25	-0.00219101
-10.225	-0.00222234
-10.2	-0.00225372
-10.175	-0.00228515
-10.15	-0.00231665
-10.125	-0.00234821
-10.1	-0.00237982
-10.075	-0.00241151
-10.05	-0.00244326
-10.025	-0.00247508
-10	-0.00250698
-9.975	-0.00253895
-9.95	-0.00257101
-9.925	-0.00260314
-9.9	-0.00263536
-9.875	-0.00266767
-9.85	-0.00270007
-9.825	-0.00273256
-9.8	-0.00276514
-9.775	-0.00279783
-9.75	-0.00283061
-9.725	-0.00286349
-9.7	-0.00289649
-9.675	-0.00292959
-9.65	-0.00296281
-9.625	-0.00299613
-9.6	-0.00302957
-9.575	-0.00306313
-9.55	-0.00309681
-9.525	-0.00313061
-9.5	-0.00316454
-9.475	-0.0031986
-9.45	-0.00323278
-9.425	-0.0032671
-9.4	-0.00330156
-9.375	-0.00333616
-9.35	-0.00337089
-9.325	-0.00340577
-9.3	-0.0034408
-9.275	-0.00347597
-9.25	-0.00351129
-9.225	-0.00354676
-9.2	-0.00358239
-9.175	-0.00361816
-9.15	-0.0036541
-9.125	-0.00369019
-9.1	-0.00372644
-9.075	-0.00376284
-9.05	-0.00379941
-9.025	-0.00383614
-9	-0.00387303
-8.975	-0.00391008
-8.95	-0.0039473
-8.925	-0.00398468
-8.9	-0.00402223
-8.875	-0.00405995
-8.85	-0.00409783
-8.825	-0.00413588
-8.8	-0.0041741
-8.775	-0.00421249
-8.75	-0.00425105
-8.725	-0.00428977
-8.7	-0.00432865
-8.675	-0.00436771
-8.65	-0.00440693
-8.625	-0.00444633
-8.6	-0.00448588
-8.575	-0.0045256
-8.55	-0.00456548
-8.525	-0.00460552
-8.5	-0.00464573
-8.475	-0.00468609
-8.45	-0.0047266
-8.425	-0.00476727
-8.4	-0.0048081
-8.375	-0.00484907
-8.35	-0.00489019
-8.325	-0.00493146
-8.3	-0.00497288
-8.275	-0.00501443
-8.25	-0.00505613
-8.225	-0.00509796
-8.2	-0.00513993
-8.175	-0.00518202
-8.15	-0.00522425
-8.125	-0.0052666
-8.1	-0.00530906
-8.075	-0.00535164
-8.05	-0.00539434
-8.025	-0.00543714
-8	-0.00548005
-7.975	-0.00552304
-7.95	-0.00556613
-7.925	-0.0056093
-7.9	-0.00565255
-7.875	-0.00569587
-7.85	-0.00573927
-7.825	-0.00578272
-7.8	-0.00582624
-7.775	-0.0058698
-7.75	-0.00591341
-7.725	-0.00595705
-7.7	-0.00600073
-7.675	-0.00604442
-7.65	-0.00608813
-7.625	-0.00613185
-7.6	-0.00617557
-7.575	-0.00621928
-7.55	-0.00626298
-7.525	-0.00630665
-7.5	-0.00635029
-7.475	-0.00639389
-7.45	-0.00643744
-7.425	-0.00648093
-7.4	-0.00652437
-7.375	-0.00656772
-7.35	-0.006611
-7.325	-0.00665418
-7.3	-0.00669726
-7.275	-0.00674023
-7.25	-0.00678307
-7.225	-0.00682579
-7.2	-0.00686837
-7.175	-0.0069108
-7.15	-0.00695307
-7.125	-0.00699518
-7.1	-0.00703711
-7.075	-0.00707886
-7.05	-0.00712041
-7.025	-0.00716175
-7	-0.00720289
-6.975	-0.00724381
-6.95	-0.0072845
-6.925	-0.00732494
-6.9	-0.00736515
-6.875	-0.0074051
-6.85	-0.00744479
-6.825	-0.0074842
-6.8	-0.00752333
-6.775	-0.00756218
-6.75	-0.00760073
-6.725	-0.00763897
-6.7	-0.00767689
-6.675	-0.00771451
-6.65	-0.00775181
-6.625	-0.00778876
-6.6	-0.00782539
-6.575	-0.00786168
-6.55	-0.00789761
-6.525	-0.00793323
-6.5	-0.00796842
-6.475	-0.00800337
-6.45	-0.00803785
-6.425	-0.00807192
-6.4	-0.00810602
-6.375	-0.00813949
-6.35	-0.00817211
-6.325	-0.00820524
-6.3	-0.00823735
-6.275	-0.00826932
-6.25	-0.00830117
-6.225	-0.00833223
-6.2	-0.00836314
-6.175	-0.00839369
-6.15	-0.00842385
-6.125	-0.00845368
-6.1	-0.00848317
-6.075	-0.00851231
-6.05	-0.00854114
-6.025	-0.00856963
-6	-0.00859781
-5.975	-0.0086257
-5.95	-0.0086533
-5.925	-0.00868062
-5.9	-0.00870765
-5.875	-0.00873444
-5.85	-0.00876096
-5.825	-0.00878726
-5.8	-0.00881332
-5.775	-0.00883917
-5.75	-0.00886482
-5.725	-0.0088903
-5.7	-0.00891561
-5.675	-0.00894078
-5.65	-0.00896581
-5.625	-0.00899074
-5.6	-0.00901557
-5.575	-0.00904034
-5.55	-0.00906504
-5.525	-0.00908971
-5.5	-0.00911437
-5.475	-0.00913905
-5.45	-0.00916375
-5.425	-0.0091885
-5.4	-0.00921333
-5.375	-0.00923827
-5.35	-0.00926332
-5.325	-0.0092885
-5.3	-0.00931386
-5.275	-0.00933941
-5.25	-0.00936518
-5.225	-0.00939119
-5.2	-0.00941747
-5.175	-0.00944404
-5.15	-0.00947093
-5.125	-0.00949816
-5.1	-0.00952575
-5.075	-0.00955374
-5.05	-0.00958215
-5.025	-0.009611
-5	-0.0096403
-4.975	-0.00967009
-4.95	-0.00970039
-4.925	-0.00973121
-4.9	-0.00976259
-4.875	-0.00979454
-4.85	-0.00982708
-4.825	-0.00986024
-4.8	-0.00989402
-4.775	-0.00992845
-4.75	-0.00996355
-4.725	-0.00999932
-4.7	-0.0100358
-4.675	-0.010073
-4.65	-0.0101109
-4.625	-0.0101495
-4.6	-0.0101889
-4.575	-0.010229
-4.55	-0.0102699
-4.525	-0.0103115
-4.5	-0.0103539
-4.475	-0.010397
-4.45	-0.0104409
-4.425	-0.0104855
-4.4	-0.0105309
-4.375	-0.010577
-4.35	-0.0106239
-4.325	-0.0106715
-4.3	-0.0107197
-4.275	-0.0107687
-4.25	-0.0108182
-4.225	-0.0108685
-4.2	-0.0109193
-4.175	-0.0109707
-4.15	-0.0110227
-4.125	-0.0110752
-4.1	-0.0111281
-4.075	-0.0111815
-4.05	-0.0112353
-4.025	-0.0112894
-4	-0.0113438
-3.975	-0.0113984
-3.95	-0.0114533
-3.925	-0.0115083
-3.9	-0.0115633
-3.875	-0.0116184
-3.85	-0.0116734
-3.825	-0.0117282
-3.8	-0.0117829
-3.775	-0.0118372
-3.75	-0.0118912
-3.725	-0.0119448
-3.7	-0.0119978
-3.675	-0.0120501
-3.65	-0.0121018
-3.625	-0.0121527
-3.6	-0.0122026
-3.575	-0.0122515
-3.55	-0.0122994
-3.525	-0.012346
-3.5	-0.0123913
-3.475	-0.0124352
-3.45	-0.0124776
-3.425	-0.0125183
-3.4	-0.0125572
-3.375	-0.0125943
-3.35	-0.0126294
-3.325	-0.0126623
-3.3	-0.012693
-3.275	-0.0127214
-3.25	-0.0127473
-3.225	-0.0127706
-3.2	-0.0127911
-3.175	-0.0128089
-3.15	-0.0128237
-3.125	-0.0128354
-3.1	-0.0128439
-3.075	-0.0128491
-3.05	-0.0128508
-3.025	-0.012849
-3	-0.0128436
-2.975	-0.0128344
-2.95	-0.0128213
-2.925	-0.0128042
-2.9	-0.012783
-2.875	-0.0127577
-2.85	-0.012728
-2.825	-0.0126941
-2.8	-0.0126556
-2.775	-0.0126126
-2.75	-0.012565
-2.725	-0.0125127
-2.7	-0.0124557
-2.675	-0.0123938
-2.65	-0.012327
-2.625	-0.0122554
-2.6	-0.0121787
-2.575	-0.0120971
-2.55	-0.0120104
-2.525	-0.0119187
-2.5	-0.011822
-2.475	-0.0117201
-2.45	-0.0116132
-2.425	-0.0115013
-2.4	-0.0113842
-2.375	-0.0112622
-2.35	-0.0111353
-2.325	-0.0110034
-2.3	-0.0108666
-2.275	-0.010725
-2.25	-0.0105787
-2.225	-0.0104278
-2.2	-0.0102722
-2.175	-0.0101123
-2.15	-0.00994793
-2.125	-0.00977937
-2.1	-0.0096067
-2.075	-0.00943006
-2.05	-0.0092496
-2.025	-0.00906547
-2	-0.00887783
-1.975	-0.00868686
-1.95	-0.00849273
-1.925	-0.00829564
-1.9	-0.00809578
-1.875	-0.00789333
-1.85	-0.00768852
-1.825	-0.00748156
-1.8	-0.00727267
-1.775	-0.00706208
-1.75	-0.00685002
-1.725	-0.00663674
-1.7	-0.00642248
-1.675	-0.0062075
-1.65	-0.00599204
-1.625	-0.00577637
-1.6	-0.00556074
-1.575	-0.00534541
-1.55	-0.00513065
-1.525	-0.00491672
-1.5	-0.00470388
-1.475	-0.00449241
-1.45	-0.00428255
-1.425	-0.00407459
-1.4	-0.00386878
-1.375	-0.00366538
-1.35	-0.00346463
-1.325	-0.00326682
-1.3	-0.00307217
-1.275	-0.00288092
-1.25	-0.00269331
-1.225	-0.00250958
-1.2	-0.00232995
-1.175	-0.00215461
-1.15	-0.0019838
-1.125	-0.00181769
-1.1	-0.00165649
-1.075	-0.00150034
-1.05	-0.00134943
-1.025	-0.00120391
-1	-0.00106392
-0.975	-0.000929608
-0.95	-0.000801074
-0.925	-0.000678438
-0.9	-0.000561783
-0.875	-0.00045119
-0.85	-0.00034672
-0.825	-0.000248439
-0.8	-0.000156379
-0.775	-7.0563e-05
-0.75	9.01297e-06
-0.725	8.23572e-05
-0.7	0.000149495
-0.675	0.000210461
-0.65	0.000265308
-0.625	0.000314095
-0.6	0.000356892
-0.575	0.000393785
-0.55	0.000424892
-0.525	0.000450332
-0.5	0.000470257
-0.475	0.000484801
-0.45	0.000494139
-0.425	0.000498446
-0.4	0.000497918
-0.375	0.000492737
-0.35	0.000483151
-0.325	0.000469373
-0.3	0.000451629
-0.275	0.000430176
-0.25	0.00040525
-0.225	0.000377121
-0.2	0.000346081
-0.175	0.000312396
-0.15	0.000276345
-0.125	0.000238172
-0.1	0.000198137
-0.075	0.000156373
-0.05	0.000112535
-0.025	7.22238e-05
1.77636e-15	0
