-14.975	-0.00498866
-14.95	-0.00504998
-14.925	-0.00511134
-14.9	-0.00517276
-14.875	-0.00523422
-14.85	-0.00529572
-14.825	-0.00535725
-14.8	-0.00541881
-14.775	-0.00548041
-14.75	-0.00554203
-14.725	-0.00560367
-14.7	-0.00566533
-14.675	-0.005727
-14.65	-0.00578868
-14.625	-0.00585037
-14.6	-0.00591206
-14.575	-0.00597376
-14.55	-0.00603544
-14.525	-0.00609713
-14.5	-0.00615879
-14.475	-0.00622045
-14.45	-0.00628209
-14.425	-0.0063437
-14.4	-0.00640528
-14.375	-0.00646684
-14.35	-0.00652836
-14.325	-0.00658985
-14.3	-0.00665129
-14.275	-0.00671269
-14.25	-0.00677404
-14.225	-0.00683534
-14.2	-0.00689658
-14.175	-0.00695776
-14.15	-0.00701888
-14.125	-0.00707992
-14.1	-0.0071409
-14.075	-0.0072018
-14.05	-0.00726261
-14.025	-0.00732335
-14	-0.007384
-13.975	-0.00744455
-13.95	-0.00750501
-13.925	-0.00756537
-13.9	-0.00762562
-13.875	-0.00768576
-13.85	-0.00774579
-13.825	-0.0078057
-13.8	-0.0078655
-13.775	-0.00792517
-13.75	-0.00798471
-13.725	-0.00804411
-13.7	-0.00810338
-13.675	-0.0081625
-13.65	-0.00822147
-13.625	-0.00828029
-13.6	-0.00833897
-13.575	-0.00839747
-13.55	-0.00845581
-13.525	-0.00851398
-13.5	-0.00857198
-13.475	-0.0086298
-13.45	-0.00868744
-13.425	-0.00874489
-13.4	-0.00880214
-13.375	-0.0088592
-13.35	-0.00891605
-13.325	-0.0089727
-13.3	-0.00902913
-13.275	-0.00908535
-13.25	-0.00914135
-13.225	-0.00919711
-13.2	-0.00925265
-13.175	-0.00930794
-13.15	-0.00936299
-13.125	-0.00941779
-13.1	-0.00947233
-13.075	-0.00952662
-13.05	-0.00958063
-13.025	-0.00963436
-13	-0.00968783
-12.975	-0.00974101
-12.95	-0.00979389
-12.925	-0.00984648
-12.9	-0.00989877
-12.875	-0.00995074
-12.85	-0.0100024
-12.825	-0.0100537
-12.8	-0.0101047
-12.775	-0.0101554
-12.75	-0.0102057
-12.725	-0.0102557
-12.7	-0.0103053
-12.675	-0.0103546
-12.65	-0.0104035
-12.625	-0.010452
-12.6	-0.0105002
-12.575	-0.0105479
-12.55	-0.0105953
-12.525	-0.0106423
-12.5	-0.0106888
-12.475	-0.0107349
-12.45	-0.0107807
-12.425	-0.010826
-12.4	-0.0108708
-12.375	-0.0109152
-12.35	-0.0109592
-12.325	-0.0110027
-12.3	-0.0110457
-12.275	-0.0110883
-12.25	-0.0111304
-12.225	-0.0111721
-12.2	-0.0112132
-12.175	-0.0112538
-12.15	-0.0112939
-12.125	-0.0113336
-12.1	-0.0113727
-12.075	-0.0114113
-12.05	-0.0114493
-12.025	-0.0114868
-12	-0.0115238
-11.975	-0.0115602
-11.95	-0.011596
-11.925	-0.0116313
-11.9	-0.011666
-11.875	-0.0117001
-11.85	-0.0117336
-11.825	-0.0117666
-11.8	-0.0117989
-11.775	-0.0118306
-11.75	-0.0118617
-11.725	-0.0118922
-11.7	-0.011922
-11.675	-0.0119512
-11.65	-0.0119797
-11.625	-0.0120076
-11.6	-0.0120348
-11.575	-0.0120614
-11.55	-0.0120873
-11.525	-0.0121124
-11.5	-0.0121369
-11.475	-0.0121607
-11.45	-0.0121838
-11.425	-0.0122062
-11.4	-0.0122278
-11.375	-0.0122487
-11.35	-0.0122688
-11.325	-0.0122882
-11.3	-0.0123069
-11.275	-0.0123248
-11.25	-0.0123419
-11.225	-0.0123582
-11.2	-0.0123737
-11.175	-0.0123885
-11.15	-0.0124024
-11.125	-0.0124154
-11.1	-0.0124277
-11.075	-0.0124391
-11.05	-0.0124497
-11.025	-0.0124594
-11	-0.0124682
-10.975	-0.0124761
-10.95	-0.0124832
-10.925	-0.0124893
-10.9	-0.0124945
-10.875	-0.0124988
-10.85	-0.0125021
-10.825	-0.0125045
-10.8	-0.0125059
-10.775	-0.0125063
-10.75	-0.0125057
-10.725	-0.0125041
-10.7	-0.0125014
-10.675	-0.0124977
-10.65	-0.012493
-10.625	-0.0124871
-10.6	-0.0124802
-10.575	-0.0124721
-10.55	-0.0124629
-10.525	-0.0124526
-10.5	-0.012441
-10.475	-0.0124283
-10.45	-0.0124144
-10.425	-0.0123992
-10.4	-0.0123828
-10.375	-0.0123651
-10.35	-0.012346
-10.325	-0.0123257
-10.3	-0.012304
-10.275	-0.012281
-10.25	-0.0122565
-10.225	-0.0122306
-10.2	-0.0122033
-10.175	-0.0121745
-10.15	-0.0121441
-10.125	-0.0121123
-10.1	-0.0120788
-10.075	-0.0120438
-10.05	-0.0120072
-10.025	-0.0119689
-10	-0.0119289
-9.975	-0.0118872
-9.95	-0.0118437
-9.925	-0.0117984
-9.9	-0.0117514
-9.875	-0.0117024
-9.85	-0.0116516
-9.825	-0.0115988
-9.8	-0.0115441
-9.775	-0.0114873
-9.75	-0.0114285
-9.725	-0.0113677
-9.7	-0.0113047
-9.675	-0.0112395
-9.65	-0.0111721
-9.625	-0.0111025
-9.6	-0.0110306
-9.575	-0.0109564
-9.55	-0.0108797
-9.525	-0.0108007
-9.5	-0.0107192
-9.475	-0.0106351
-9.45	-0.0105485
-9.425	-0.0104593
-9.4	-0.0103675
-9.375	-0.0102729
-9.35	-0.0101756
-9.325	-0.0100755
-9.3	-0.00997259
-9.275	-0.00986674
-9.25	-0.00975795
-9.225	-0.00964617
-9.2	-0.00953133
-9.175	-0.0094134
-9.15	-0.00929232
-9.125	-0.00916806
-9.1	-0.00904054
-9.075	-0.00890972
-9.05	-0.00877555
-9.025	-0.008638
-9	-0.00849699
-8.975	-0.00835248
-8.95	-0.00820443
-8.925	-0.00805278
-8.9	-0.00789748
-8.875	-0.00773849
-8.85	-0.00757576
-8.825	-0.00740924
-8.8	-0.00723888
-8.775	-0.00706463
-8.75	-0.00688646
-8.725	-0.00670431
-8.7	-0.00651815
-8.675	-0.00632792
-8.65	-0.0061336
-8.625	-0.00593513
-8.6	-0.00573249
-8.575	-0.00552562
-8.55	-0.0053145
-8.525	-0.00509909
-8.5	-0.00487935
-8.475	-0.00465526
-8.45	-0.00442678
-8.425	-0.00419389
-8.4	-0.00395656
-8.375	-0.00371477
-8.35	-0.00346849
-8.325	-0.0032177
-8.3	-0.00296239
-8.275	-0.00270254
-8.25	-0.00243814
-8.225	-0.00216918
-8.2	-0.00189564
-8.175	-0.00161753
-8.15	-0.00133484
-8.125	-0.00104758
-8.1	-0.000755735
-8.075	-0.000459326
-8.05	-0.000158357
-8.025	0.000147153
-8	0.000457191
-7.975	0.000771744
-7.95	0.00109079
-7.925	0.00141428
-7.9	0.00174221
-7.875	0.00207454
-7.85	0.00241122
-7.825	0.00275222
-7.8	0.0030975
-7.775	0.00344701
-7.75	0.00380069
-7.725	0.00415849
-7.7	0.00452035
-7.675	0.00488622
-7.65	0.00525599
-7.625	0.00562964
-7.6	0.00600706
-7.575	0.00638819
-7.55	0.00677293
-7.525	0.00716119
-7.5	0.0075529
-7.475	0.00794793
-7.45	0.0083462
-7.425	0.00874761
-7.4	0.00915204
-7.375	0.00955938
-7.35	0.00996952
-7.325	0.0103823
-7.3	0.0107977
-7.275	0.0112154
-7.25	0.0116355
-7.225	0.0120577
-7.2	0.0124818
-7.175	0.0129079
-7.15	0.0133357
-7.125	0.013765
-7.1	0.0141957
-7.075	0.0146277
-7.05	0.0150608
-7.025	0.0154947
-7	0.0159295
-6.975	0.0163648
-6.95	0.0168005
-6.925	0.0172364
-6.9	0.0176724
-6.875	0.0181083
-6.85	0.0185438
-6.825	0.0189788
-6.8	0.0194131
-6.775	0.0198466
-6.75	0.0202789
-6.725	0.02071
-6.7	0.0211396
-6.675	0.0215676
-6.65	0.0219937
-6.625	0.0224177
-6.6	0.0228394
-6.575	0.0232588
-6.55	0.0236754
-6.525	0.0240892
-6.5	0.0244999
-6.475	0.0249073
-6.45	0.0253113
-6.425	0.0257115
-6.4	0.026108
-6.375	0.0265002
-6.35	0.0268888
-6.325	0.0272719
-6.3	0.0276513
-6.275	0.0280255
-6.25	0.0283943
-6.225	0.0287585
-6.2	0.029117
-6.175	0.0294699
-6.15	0.0298171
-6.125	0.0301584
-6.1	0.0304935
-6.075	0.0308223
-6.05	0.0311447
-6.025	0.0314605
-6	0.0317694
-5.975	0.0320715
-5.95	0.0323664
-5.925	0.0326541
-5.9	0.0329344
-5.875	0.0332071
-5.85	0.0334723
-5.825	0.0337296
-5.8	0.033979
-5.775	0.0342203
-5.75	0.0344535
-5.725	0.0346784
-5.7	0.034895
-5.675	0.035103
-5.65	0.0353025
-5.625	0.0354933
-5.6	0.0356754
-5.575	0.0358486
-5.55	0.0360129
-5.525	0.0361683
-5.5	0.0363146
-5.475	0.0364518
-5.45	0.0365799
-5.425	0.0366988
-5.4	0.0368084
-5.375	0.0369088
-5.35	0.0369999
-5.325	0.0370817
-5.3	0.0371541
-5.275	0.0372172
-5.25	0.0372709
-5.225	0.0373153
-5.2	0.0373504
-5.175	0.0373761
-5.15	0.0373925
-5.125	0.0373995
-5.1	0.0373973
-5.075	0.0373859
-5.05	0.0373652
-5.025	0.0373354
-5	0.0372965
-4.975	0.0372485
-4.95	0.0371915
-4.925	0.0371256
-4.9	0.0370508
-4.875	0.0369671
-4.85	0.0368748
-4.825	0.0367737
-4.8	0.0366642
-4.775	0.0365461
-4.75	0.0364196
-4.725	0.0362848
-4.7	0.0361418
-4.675	0.0359907
-4.65	0.0358316
-4.625	0.0356646
-4.6	0.0354899
-4.575	0.0353074
-4.55	0.0351175
-4.525	0.03492
-4.5	0.0347153
-4.475	0.0345034
-4.45	0.0342844
-4.425	0.0340586
-4.4	0.0338259
-4.375	0.0335865
-4.35	0.0333406
-4.325	0.0330884
-4.3	0.0328298
-4.275	0.0325652
-4.25	0.0322945
-4.225	0.0320181
-4.2	0.0317359
-4.175	0.0314483
-4.15	0.0311552
-4.125	0.0308568
-4.1	0.0305534
-4.075	0.030245
-4.05	0.0299318
-4.025	0.0296139
-4	0.0292915
-3.975	0.0289647
-3.95	0.0286338
-3.925	0.0282987
-3.9	0.0279598
-3.875	0.0276171
-3.85	0.0272707
-3.825	0.0269209
-3.8	0.0265678
-3.775	0.0262115
-3.75	0.0258523
-3.725	0.0254901
-3.7	0.0251252
-3.675	0.0247578
-3.65	0.0243879
-3.625	0.0240158
-3.6	0.0236415
-3.575	0.0232653
-3.55	0.0228871
-3.525	0.0225073
-3.5	0.022126
-3.475	0.0217432
-3.45	0.0213592
-3.425	0.020974
-3.4	0.0205878
-3.375	0.0202008
-3.35	0.019813
-3.325	0.0194247
-3.3	0.0190359
-3.275	0.0186468
-3.25	0.0182576
-3.225	0.0178683
-3.2	0.0174791
-3.175	0.0170901
-3.15	0.0167015
-3.125	0.0163133
-3.1	0.0159258
-3.075	0.015539
-3.05	0.0151531
-3.025	0.0147683
-3	0.0143845
-2.975	0.014002
-2.95	0.0136209
-2.925	0.0132413
-2.9	0.0128633
-2.875	0.0124871
-2.85	0.0121127
-2.825	0.0117404
-2.8	0.0113702
-2.775	0.0110022
-2.75	0.0106366
-2.725	0.0102734
-2.7	0.00991286
-2.675	0.00955503
-2.65	0.00920004
-2.625	0.008848
-2.6	0.00849902
-2.575	0.00815324
-2.55	0.00781074
-2.525	0.00747167
-2.5	0.00713611
-2.475	0.00680419
-2.45	0.00647602
-2.425	0.0061517
-2.4	0.00583135
-2.375	0.00551507
-2.35	0.00520296
-2.325	0.00489513
-2.3	0.00459169
-2.275	0.00429274
-2.25	0.00399838
-2.225	0.00370872
-2.2	0.00342384
-2.175	0.00314386
-2.15	0.00286887
-2.125	0.00259895
-2.1	0.00233421
-2.075	0.00207474
-2.05	0.00182063
-2.025	0.00157196
-2	0.00132881
-1.975	0.00109127
-1.95	0.000859412
-1.925	0.000633326
-1.9	0.000413074
-1.875	0.000198738
-1.85	-9.62425e-06
-1.825	-0.000211938
-1.8	-0.000408148
-1.775	-0.000598188
-1.75	-0.000782006
-1.725	-0.000959542
-1.7	-0.00113076
-1.675	-0.00129561
-1.65	-0.00145406
-1.625	-0.00160605
-1.6	-0.00175156
-1.575	-0.00189055
-1.55	-0.00202299
-1.525	-0.00214886
-1.5	-0.00226815
-1.475	-0.00238083
-1.45	-0.00248692
-1.425	-0.00258639
-1.4	-0.00267926
-1.375	-0.00276553
-1.35	-0.00284522
-1.325	-0.00291834
-1.3	-0.00298493
-1.275	-0.00304499
-1.25	-0.00309858
-1.225	-0.00314574
-1.2	-0.0031865
-1.175	-0.00322091
-1.15	-0.00324904
-1.125	-0.00327093
-1.1	-0.00328666
-1.075	-0.0032963
-1.05	-0.00329994
-1.025	-0.00329764
-1	-0.00328952
-0.975	-0.00327566
-0.95	-0.00325616
-0.925	-0.00323115
-0.9	-0.00320072
-0.875	-0.00316499
-0.85	-0.0031241
-0.825	-0.00307819
-0.8	-0.00302739
-0.775	-0.00297184
-0.75	-0.0029117
-0.725	-0.00284712
-0.7	-0.00277823
-0.675	-0.00270522
-0.65	-0.00262827
-0.625	-0.00254756
-0.6	-0.00246325
-0.575	-0.00237554
-0.55	-0.00228465
-0.525	-0.00219077
-0.5	-0.00209407
-0.475	-0.00199477
-0.45	-0.00189307
-0.425	-0.00178919
-0.4	-0.00168334
-0.375	-0.00157573
-0.35	-0.00146657
-0.325	-0.00135611
-0.3	-0.00124456
-0.275	-0.00113215
-0.25	-0.00101908
-0.225	-0.000905594
-0.2	-0.000791899
-0.175	-0.000678233
-0.15	-0.000564835
-0.125	-0.000451971
-0.1	-0.000339961
-0.075	-0.000229035
-0.05	-0.000119573
-0.025	-4.74722e-06
1.77636e-15	0
