-14.975	0.00908711
-14.95	0.00906625
-14.925	0.00904488
-14.9	0.00902297
-14.875	0.00900055
-14.85	0.0089776
-14.825	0.00895412
-14.8	0.0089301
-14.775	0.00890554
-14.75	0.00888044
-14.725	0.00885479
-14.7	0.0088286
-14.675	0.00880185
-14.65	0.00877455
-14.625	0.00874668
-14.6	0.00871827
-14.575	0.00868927
-14.55	0.00865972
-14.525	0.00862959
-14.5	0.0085989
-14.475	0.00856763
-14.45	0.00853578
-14.425	0.00850335
-14.4	0.00847034
-14.375	0.00843675
-14.35	0.00840258
-14.325	0.00836781
-14.3	0.00833246
-14.275	0.00829652
-14.25	0.00825998
-14.225	0.00822286
-14.2	0.00818514
-14.175	0.00814683
-14.15	0.00810792
-14.125	0.00806842
-14.1	0.00802832
-14.075	0.00798763
-14.05	0.00794634
-14.025	0.00790445
-14	0.00786197
-13.975	0.0078189
-13.95	0.00777523
-13.925	0.00773097
-13.9	0.00768612
-13.875	0.00764068
-13.85	0.00759465
-13.825	0.00754803
-13.8	0.00750083
-13.775	0.00745305
-13.75	0.00740468
-13.725	0.00735575
-13.7	0.00730624
-13.675	0.00725616
-13.65	0.00720551
-13.625	0.0071543
-13.6	0.00710253
-13.575	0.00705021
-13.55	0.00699734
-13.525	0.00694391
-13.5	0.00688995
-13.475	0.00683546
-13.45	0.00678043
-13.425	0.00672488
-13.4	0.00666881
-13.375	0.00661223
-13.35	0.00655513
-13.325	0.00649755
-13.3	0.00643947
-13.275	0.0063809
-13.25	0.00632184
-13.225	0.00626233
-13.2	0.00620235
-13.175	0.00614191
-13.15	0.00608102
-13.125	0.00601969
-13.1	0.00595793
-13.075	0.00589574
-13.05	0.00583314
-13.025	0.00577013
-13	0.00570672
-12.975	0.00564292
-12.95	0.00557875
-12.925	0.0055142
-12.9	0.00544929
-12.875	0.00538402
-12.85	0.00531842
-12.825	0.00525248
-12.8	0.00518622
-12.775	0.00511963
-12.75	0.00505275
-12.725	0.00498557
-12.7	0.0049181
-12.675	0.00485036
-12.65	0.00478235
-12.625	0.00471408
-12.6	0.00464557
-12.575	0.00457681
-12.55	0.00450784
-12.525	0.00443864
-12.5	0.00436924
-12.475	0.00429964
-12.45	0.00422985
-12.425	0.00415988
-12.4	0.00408975
-12.375	0.00401946
-12.35	0.00394902
-12.325	0.00387843
-12.3	0.00380772
-12.275	0.00373689
-12.25	0.00366594
-12.225	0.0035949
-12.2	0.00352375
-12.175	0.00345253
-12.15	0.00338123
-12.125	0.00330986
-12.1	0.00323844
-12.075	0.00316696
-12.05	0.00309545
-12.025	0.00302389
-12	0.00295232
-11.975	0.00288072
-11.95	0.00280912
-11.925	0.00273751
-11.9	0.00266591
-11.875	0.00259432
-11.85	0.00252275
-11.825	0.0024512
-11.8	0.00237969
-11.775	0.00230821
-11.75	0.00223678
-11.725	0.0021654
-11.7	0.00209407
-11.675	0.00202281
-11.65	0.00195161
-11.625	0.00188049
-11.6	0.00180944
-11.575	0.00173847
-11.55	0.00166759
-11.525	0.00159679
-11.5	0.0015261
-11.475	0.0014555
-11.45	0.001385
-11.425	0.0013146
-11.4	0.00124431
-11.375	0.00117414
-11.35	0.00110407
-11.325	0.00103412
-11.3	0.000964291
-11.275	0.000894587
-11.25	0.000824996
-11.225	0.000755534
-11.2	0.000686198
-11.175	0.000616986
-11.15	0.0005479
-11.125	0.000478942
-11.1	0.000410117
-11.075	0.000341418
-11.05	0.000272851
-11.025	0.000204412
-11	0.000136105
-10.975	6.79284e-05
-10.95	-1.15772e-07
-10.925	-6.80295e-05
-10.9	-0.000135817
-10.875	-0.000203474
-10.85	-0.000271001
-10.825	-0.000338405
-10.8	-0.000405682
-10.775	-0.000472832
-10.75	-0.00053986
-10.725	-0.000606766
-10.7	-0.00067355
-10.675	-0.000740217
-10.65	-0.000806764
-10.625	-0.0008732
-10.6	-0.000939523
-10.575	-0.00100574
-10.55	-0.00107184
-10.525	-0.00113784
-10.5	-0.00120374
-10.475	-0.00126954
-10.45	-0.00133525
-10.425	-0.00140086
-10.4	-0.00146639
-10.375	-0.00153183
-10.35	-0.00159719
-10.325	-0.00166246
-10.3	-0.00172767
-10.275	-0.0017928
-10.25	-0.00185786
-10.225	-0.00192287
-10.2	-0.00198781
-10.175	-0.0020527
-10.15	-0.00211753
-10.125	-0.00218232
-10.1	-0.00224707
-10.075	-0.00231178
-10.05	-0.00237645
-10.025	-0.00244109
-10	-0.00250571
-9.975	-0.00257031
-9.95	-0.00263489
-9.925	-0.00269946
-9.9	-0.00276403
-9.875	-0.00282859
-9.85	-0.00289316
-9.825	-0.00295773
-9.8	-0.00302232
-9.775	-0.00308693
-9.75	-0.00315155
-9.725	-0.0032162
-9.7	-0.00328088
-9.675	-0.0033456
-9.65	-0.00341037
-9.625	-0.00347517
-9.6	-0.00354003
-9.575	-0.00360494
-9.55	-0.00366991
-9.525	-0.00373495
-9.5	-0.00380005
-9.475	-0.00386523
-9.45	-0.00393049
-9.425	-0.00399583
-9.4	-0.00406127
-9.375	-0.00412679
-9.35	-0.00419241
-9.325	-0.00425813
-9.3	-0.00432397
-9.275	-0.00438992
-9.25	-0.00445598
-9.225	-0.00452217
-9.2	-0.00458849
-9.175	-0.00465494
-9.15	-0.00472153
-9.125	-0.00478826
-9.1	-0.00485514
-9.075	-0.00492218
-9.05	-0.00498936
-9.025	-0.00505672
-9	-0.00512423
-8.975	-0.00519192
-8.95	-0.00525979
-8.925	-0.00532784
-8.9	-0.00539608
-8.875	-0.0054645
-8.85	-0.00553314
-8.825	-0.00560197
-8.8	-0.00567101
-8.775	-0.00574025
-8.75	-0.00580972
-8.725	-0.00587941
-8.7	-0.00594933
-8.675	-0.00601948
-8.65	-0.00608986
-8.625	-0.00616049
-8.6	-0.00623137
-8.575	-0.0063025
-8.55	-0.00637389
-8.525	-0.00644554
-8.5	-0.00651746
-8.475	-0.00658966
-8.45	-0.00666213
-8.425	-0.0067349
-8.4	-0.00680795
-8.375	-0.0068813
-8.35	-0.00695495
-8.325	-0.00702891
-8.3	-0.00710319
-8.275	-0.00717778
-8.25	-0.0072527
-8.225	-0.00732794
-8.2	-0.00740353
-8.175	-0.00747946
-8.15	-0.00755574
-8.125	-0.00763237
-8.1	-0.00770937
-8.075	-0.00778674
-8.05	-0.00786448
-8.025	-0.00794261
-8	-0.00802113
-7.975	-0.00810004
-7.95	-0.00817936
-7.925	-0.00825909
-7.9	-0.00833925
-7.875	-0.00841984
-7.85	-0.00850086
-7.825	-0.00858232
-7.8	-0.00866424
-7.775	-0.00874662
-7.75	-0.00882947
-7.725	-0.0089128
-7.7	-0.00899661
-7.675	-0.00908094
-7.65	-0.00916576
-7.625	-0.00925109
-7.6	-0.00933696
-7.575	-0.00942337
-7.55	-0.00951031
-7.525	-0.00959782
-7.5	-0.0096859
-7.475	-0.00977456
-7.45	-0.0098638
-7.425	-0.00995365
-7.4	-0.0100441
-7.375	-0.0101352
-7.35	-0.0102269
-7.325	-0.0103193
-7.3	-0.0104123
-7.275	-0.010506
-7.25	-0.0106003
-7.225	-0.0106954
-7.2	-0.0107912
-7.175	-0.0108877
-7.15	-0.0109849
-7.125	-0.0110829
-7.1	-0.0111817
-7.075	-0.0112812
-7.05	-0.0113815
-7.025	-0.0114826
-7	-0.0115845
-6.975	-0.0116873
-6.95	-0.0117909
-6.925	-0.0118953
-6.9	-0.0120006
-6.875	-0.0121069
-6.85	-0.012214
-6.825	-0.012322
-6.8	-0.0124309
-6.775	-0.0125408
-6.75	-0.0126517
-6.725	-0.0127635
-6.7	-0.0128763
-6.675	-0.01299
-6.65	-0.0131049
-6.625	-0.0132207
-6.6	-0.0133375
-6.575	-0.0134554
-6.55	-0.0135743
-6.525	-0.0136946
-6.5	-0.0138153
-6.475	-0.0139378
-6.45	-0.0140609
-6.425	-0.0141853
-6.4	-0.014311
-6.375	-0.0144376
-6.35	-0.0145653
-6.325	-0.0146942
-6.3	-0.0148244
-6.275	-0.0149556
-6.25	-0.0150882
-6.225	-0.0152216
-6.2	-0.0153564
-6.175	-0.0154923
-6.15	-0.0156295
-6.125	-0.0157678
-6.1	-0.0159072
-6.075	-0.0160479
-6.05	-0.0161897
-6.025	-0.0163327
-6	-0.0164769
-5.975	-0.0166223
-5.95	-0.0167688
-5.925	-0.0169164
-5.9	-0.0170652
-5.875	-0.0172151
-5.85	-0.0173661
-5.825	-0.0175183
-5.8	-0.0176715
-5.775	-0.0178257
-5.75	-0.017981
-5.725	-0.0181374
-5.7	-0.0182947
-5.675	-0.018453
-5.65	-0.0186122
-5.625	-0.0187723
-5.6	-0.0189333
-5.575	-0.0190952
-5.55	-0.0192578
-5.525	-0.0194213
-5.5	-0.0195854
-5.475	-0.0197503
-5.45	-0.0199158
-5.425	-0.0200819
-5.4	-0.0202485
-5.375	-0.0204156
-5.35	-0.0205831
-5.325	-0.0207511
-5.3	-0.0209193
-5.275	-0.0210878
-5.25	-0.0212565
-5.225	-0.0214253
-5.2	-0.0215942
-5.175	-0.021763
-5.15	-0.0219318
-5.125	-0.0221003
-5.1	-0.0222686
-5.075	-0.0224366
-5.05	-0.0226041
-5.025	-0.0227711
-5	-0.0229375
-4.975	-0.0231032
-4.95	-0.0232682
-4.925	-0.0234322
-4.9	-0.0235952
-4.875	-0.0237571
-4.85	-0.0239179
-4.825	-0.0240773
-4.8	-0.0242353
-4.775	-0.0243918
-4.75	-0.0245466
-4.725	-0.0246997
-4.7	-0.024851
-4.675	-0.0250002
-4.65	-0.0251474
-4.625	-0.0252923
-4.6	-0.0254348
-4.575	-0.0255749
-4.55	-0.0257124
-4.525	-0.0258472
-4.5	-0.0259791
-4.475	-0.0261081
-4.45	-0.0262339
-4.425	-0.0263565
-4.4	-0.0264758
-4.375	-0.0265915
-4.35	-0.0267037
-4.325	-0.0268121
-4.3	-0.0269166
-4.275	-0.0270171
-4.25	-0.0271135
-4.225	-0.0272056
-4.2	-0.0272934
-4.175	-0.0273766
-4.15	-0.0274551
-4.125	-0.0275289
-4.1	-0.0275978
-4.075	-0.0276617
-4.05	-0.0277205
-4.025	-0.027774
-4	-0.0278221
-3.975	-0.0278647
-3.95	-0.0279018
-3.925	-0.0279331
-3.9	-0.0279587
-3.875	-0.0279783
-3.85	-0.027992
-3.825	-0.0279995
-3.8	-0.0280008
-3.775	-0.0279959
-3.75	-0.0279846
-3.725	-0.0279668
-3.7	-0.0279425
-3.675	-0.0279115
-3.65	-0.0278739
-3.625	-0.0278296
-3.6	-0.0277784
-3.575	-0.0277204
-3.55	-0.0276555
-3.525	-0.0275836
-3.5	-0.0275047
-3.475	-0.0274187
-3.45	-0.0273257
-3.425	-0.0272256
-3.4	-0.0271184
-3.375	-0.027004
-3.35	-0.0268825
-3.325	-0.0267539
-3.3	-0.0266181
-3.275	-0.0264751
-3.25	-0.0263251
-3.225	-0.0261679
-3.2	-0.0260036
-3.175	-0.0258323
-3.15	-0.0256539
-3.125	-0.0254686
-3.1	-0.0252763
-3.075	-0.0250771
-3.05	-0.0248711
-3.025	-0.0246583
-3	-0.0244388
-2.975	-0.0242127
-2.95	-0.02398
-2.925	-0.0237409
-2.9	-0.0234955
-2.875	-0.0232437
-2.85	-0.0229858
-2.825	-0.0227219
-2.8	-0.022452
-2.775	-0.0221763
-2.75	-0.0218949
-2.725	-0.021608
-2.7	-0.0213156
-2.675	-0.021018
-2.65	-0.0207152
-2.625	-0.0204074
-2.6	-0.0200949
-2.575	-0.0197776
-2.55	-0.0194559
-2.525	-0.0191298
-2.5	-0.0187996
-2.475	-0.0184655
-2.45	-0.0181275
-2.425	-0.017786
-2.4	-0.0174411
-2.375	-0.017093
-2.35	-0.0167419
-2.325	-0.016388
-2.3	-0.0160316
-2.275	-0.0156728
-2.25	-0.0153119
-2.225	-0.0149491
-2.2	-0.0145847
-2.175	-0.0142187
-2.15	-0.0138516
-2.125	-0.0134835
-2.1	-0.0131147
-2.075	-0.0127453
-2.05	-0.0123757
-2.025	-0.0120061
-2	-0.0116367
-1.975	-0.0112678
-1.95	-0.0108997
-1.925	-0.0105326
-1.9	-0.0101667
-1.875	-0.00980232
-1.85	-0.0094397
-1.825	-0.00907912
-1.8	-0.00872082
-1.775	-0.00836506
-1.75	-0.00801211
-1.725	-0.00766221
-1.7	-0.00731564
-1.675	-0.00697263
-1.65	-0.00663346
-1.625	-0.00629836
-1.6	-0.0059676
-1.575	-0.00564142
-1.55	-0.00532006
-1.525	-0.00500375
-1.5	-0.00469274
-1.475	-0.00438725
-1.45	-0.00408753
-1.425	-0.00379378
-1.4	-0.00350624
-1.375	-0.00322512
-1.35	-0.00295063
-1.325	-0.00268297
-1.3	-0.00242236
-1.275	-0.00216895
-1.25	-0.00192295
-1.225	-0.00168452
-1.2	-0.00145384
-1.175	-0.00123107
-1.15	-0.00101634
-1.125	-0.000809798
-1.1	-0.000611576
-1.075	-0.000421792
-1.05	-0.00024055
-1.025	-6.79434e-05
-1	9.59348e-05
-0.975	0.000251013
-0.95	0.000397225
-0.925	0.000534528
-0.9	0.000662889
-0.875	0.000782275
-0.85	0.000892688
-0.825	0.00099411
-0.8	0.00108656
-0.775	0.00117007
-0.75	0.00124468
-0.725	0.00131044
-0.7	0.00136741
-0.675	0.00141568
-0.65	0.00145533
-0.625	0.00148648
-0.6	0.00150924
-0.575	0.00152374
-0.55	0.00153013
-0.525	0.00152855
-0.5	0.00151918
-0.475	0.00150225
-0.45	0.00147795
-0.425	0.00144648
-0.4	0.00140808
-0.375	0.00136298
-0.35	0.00131143
-0.325	0.00125367
-0.3	0.00118999
-0.275	0.00112067
-0.25	0.00104601
-0.225	0.000966303
-0.2	0.000881884
-0.175	0.000793067
-0.15	0.000700177
-0.125	0.000603523
-0.1	0.000503387
-0.075	0.00039997
-0.05	0.000293075
-0.025	0.000187367
1.77636e-15	0
