-14.975	-0.006469
-14.95	-0.00652104
-14.925	-0.0065731
-14.9	-0.00662518
-14.875	-0.00667727
-14.85	-0.00672937
-14.825	-0.00678147
-14.8	-0.00683358
-14.775	-0.00688568
-14.75	-0.00693778
-14.725	-0.00698986
-14.7	-0.00704193
-14.675	-0.00709398
-14.65	-0.00714601
-14.625	-0.007198
-14.6	-0.00724997
-14.575	-0.00730189
-14.55	-0.00735378
-14.525	-0.00740561
-14.5	-0.0074574
-14.475	-0.00750913
-14.45	-0.0075608
-14.425	-0.00761241
-14.4	-0.00766394
-14.375	-0.0077154
-14.35	-0.00776678
-14.325	-0.00781807
-14.3	-0.00786928
-14.275	-0.00792039
-14.25	-0.0079714
-14.225	-0.00802231
-14.2	-0.0080731
-14.175	-0.00812378
-14.15	-0.00817433
-14.125	-0.00822476
-14.1	-0.00827506
-14.075	-0.00832522
-14.05	-0.00837524
-14.025	-0.00842511
-14	-0.00847483
-13.975	-0.00852438
-13.95	-0.00857377
-13.925	-0.00862299
-13.9	-0.00867203
-13.875	-0.00872089
-13.85	-0.00876956
-13.825	-0.00881803
-13.8	-0.0088663
-13.775	-0.00891437
-13.75	-0.00896222
-13.725	-0.00900986
-13.7	-0.00905726
-13.675	-0.00910444
-13.65	-0.00915138
-13.625	-0.00919807
-13.6	-0.00924451
-13.575	-0.00929069
-13.55	-0.00933661
-13.525	-0.00938227
-13.5	-0.00942764
-13.475	-0.00947273
-13.45	-0.00951753
-13.425	-0.00956204
-13.4	-0.00960624
-13.375	-0.00965013
-13.35	-0.0096937
-13.325	-0.00973695
-13.3	-0.00977988
-13.275	-0.00982246
-13.25	-0.0098647
-13.225	-0.00990659
-13.2	-0.00994812
-13.175	-0.00998928
-13.15	-0.0100301
-13.125	-0.0100705
-13.1	-0.0101105
-13.075	-0.0101501
-13.05	-0.0101893
-13.025	-0.0102281
-13	-0.0102665
-12.975	-0.0103045
-12.95	-0.010342
-12.925	-0.0103791
-12.9	-0.0104157
-12.875	-0.0104519
-12.85	-0.0104876
-12.825	-0.0105229
-12.8	-0.0105576
-12.775	-0.0105919
-12.75	-0.0106256
-12.725	-0.0106589
-12.7	-0.0106916
-12.675	-0.0107238
-12.65	-0.0107555
-12.625	-0.0107866
-12.6	-0.0108171
-12.575	-0.0108471
-12.55	-0.0108766
-12.525	-0.0109054
-12.5	-0.0109337
-12.475	-0.0109613
-12.45	-0.0109883
-12.425	-0.0110147
-12.4	-0.0110405
-12.375	-0.0110657
-12.35	-0.0110901
-12.325	-0.011114
-12.3	-0.0111371
-12.275	-0.0111596
-12.25	-0.0111813
-12.225	-0.0112024
-12.2	-0.0112227
-12.175	-0.0112423
-12.15	-0.0112611
-12.125	-0.0112792
-12.1	-0.0112965
-12.075	-0.011313
-12.05	-0.0113287
-12.025	-0.0113436
-12	-0.0113577
-11.975	-0.011371
-11.95	-0.0113834
-11.925	-0.0113949
-11.9	-0.0114055
-11.875	-0.0114152
-11.85	-0.0114241
-11.825	-0.011432
-11.8	-0.0114389
-11.775	-0.0114449
-11.75	-0.0114499
-11.725	-0.0114539
-11.7	-0.0114569
-11.675	-0.0114589
-11.65	-0.0114598
-11.625	-0.0114596
-11.6	-0.0114584
-11.575	-0.011456
-11.55	-0.0114526
-11.525	-0.011448
-11.5	-0.0114422
-11.475	-0.0114352
-11.45	-0.0114271
-11.425	-0.0114177
-11.4	-0.0114071
-11.375	-0.0113952
-11.35	-0.011382
-11.325	-0.0113675
-11.3	-0.0113516
-11.275	-0.0113345
-11.25	-0.0113159
-11.225	-0.0112959
-11.2	-0.0112745
-11.175	-0.0112517
-11.15	-0.0112274
-11.125	-0.0112015
-11.1	-0.0111742
-11.075	-0.0111453
-11.05	-0.0111148
-11.025	-0.0110828
-11	-0.0110491
-10.975	-0.0110137
-10.95	-0.0109767
-10.925	-0.0109379
-10.9	-0.0108975
-10.875	-0.0108552
-10.85	-0.0108112
-10.825	-0.0107654
-10.8	-0.0107177
-10.775	-0.0106682
-10.75	-0.0106167
-10.725	-0.0105634
-10.7	-0.010508
-10.675	-0.0104507
-10.65	-0.0103914
-10.625	-0.0103301
-10.6	-0.0102667
-10.575	-0.0102012
-10.55	-0.0101335
-10.525	-0.0100637
-10.5	-0.0099918
-10.475	-0.00991764
-10.45	-0.00984126
-10.425	-0.00976262
-10.4	-0.00968169
-10.375	-0.00959846
-10.35	-0.0095129
-10.325	-0.00942497
-10.3	-0.00933466
-10.275	-0.00924194
-10.25	-0.00914679
-10.225	-0.00904918
-10.2	-0.00894909
-10.175	-0.0088465
-10.15	-0.00874139
-10.125	-0.00863373
-10.1	-0.00852351
-10.075	-0.00841071
-10.05	-0.00829531
-10.025	-0.00817729
-10	-0.00805663
-9.975	-0.00793333
-9.95	-0.00780736
-9.925	-0.00767873
-9.9	-0.0075474
-9.875	-0.00741336
-9.85	-0.00727662
-9.825	-0.00713717
-9.8	-0.006995
-9.775	-0.00685009
-9.75	-0.00670245
-9.725	-0.00655206
-9.7	-0.00639895
-9.675	-0.00624309
-9.65	-0.0060845
-9.625	-0.00592318
-9.6	-0.00575912
-9.575	-0.00559234
-9.55	-0.00542285
-9.525	-0.00525065
-9.5	-0.00507576
-9.475	-0.00489818
-9.45	-0.00471794
-9.425	-0.00453504
-9.4	-0.00434952
-9.375	-0.00416138
-9.35	-0.00397064
-9.325	-0.00377734
-9.3	-0.0035815
-9.275	-0.00338314
-9.25	-0.00318229
-9.225	-0.00297898
-9.2	-0.00277324
-9.175	-0.00256512
-9.15	-0.00235463
-9.125	-0.00214183
-9.1	-0.00192676
-9.075	-0.00170944
-9.05	-0.00148993
-9.025	-0.00126828
-9	-0.00104452
-8.975	-0.000818705
-8.95	-0.00059089
-8.925	-0.000361124
-8.9	-0.000129453
-8.875	0.000104055
-8.85	0.000339355
-8.825	0.000576386
-8.8	0.000815087
-8.775	0.0010554
-8.75	0.00129727
-8.725	0.00154063
-8.7	0.00178541
-8.675	0.00203155
-8.65	0.00227899
-8.625	0.00252765
-8.6	0.00277747
-8.575	0.00302839
-8.55	0.00328033
-8.525	0.00353323
-8.5	0.003787
-8.475	0.0040416
-8.45	0.00429694
-8.425	0.00455295
-8.4	0.00480956
-8.375	0.00506669
-8.35	0.00532428
-8.325	0.00558226
-8.3	0.00584055
-8.275	0.00609908
-8.25	0.00635778
-8.225	0.00661658
-8.2	0.00687542
-8.175	0.00713421
-8.15	0.0073929
-8.125	0.0076514
-8.1	0.00790967
-8.075	0.00816762
-8.05	0.0084252
-8.025	0.00868234
-8	0.00893897
-7.975	0.00919503
-7.95	0.00945047
-7.925	0.00970522
-7.9	0.0099592
-7.875	0.0102124
-7.85	0.0104647
-7.825	0.0107161
-7.8	0.0109666
-7.775	0.011216
-7.75	0.0114643
-7.725	0.0117115
-7.7	0.0119576
-7.675	0.0122024
-7.65	0.012446
-7.625	0.0126883
-7.6	0.0129292
-7.575	0.0131687
-7.55	0.0134069
-7.525	0.0136435
-7.5	0.0138787
-7.475	0.0141124
-7.45	0.0143445
-7.425	0.014575
-7.4	0.0148039
-7.375	0.0150311
-7.35	0.0152567
-7.325	0.0154806
-7.3	0.0157028
-7.275	0.0159232
-7.25	0.0161419
-7.225	0.0163588
-7.2	0.0165739
-7.175	0.0167871
-7.15	0.0169986
-7.125	0.0172082
-7.1	0.0174159
-7.075	0.0176217
-7.05	0.0178257
-7.025	0.0180277
-7	0.0182278
-6.975	0.018426
-6.95	0.0186223
-6.925	0.0188166
-6.9	0.0190089
-6.875	0.0191992
-6.85	0.0193875
-6.825	0.0195739
-6.8	0.0197582
-6.775	0.0199404
-6.75	0.0201206
-6.725	0.0202988
-6.7	0.0204748
-6.675	0.0206488
-6.65	0.0208207
-6.625	0.0209904
-6.6	0.021158
-6.575	0.0213234
-6.55	0.0214866
-6.525	0.0216477
-6.5	0.0218065
-6.475	0.021963
-6.45	0.0221173
-6.425	0.0222691
-6.4	0.0224188
-6.375	0.0225659
-6.35	0.022711
-6.325	0.0228532
-6.3	0.0229933
-6.275	0.0231308
-6.25	0.0232656
-6.225	0.023398
-6.2	0.0235278
-6.175	0.0236547
-6.15	0.0237794
-6.125	0.0239011
-6.1	0.0240198
-6.075	0.0241361
-6.05	0.0242492
-6.025	0.0243595
-6	0.0244668
-5.975	0.0245711
-5.95	0.0246724
-5.925	0.0247705
-5.9	0.0248654
-5.875	0.024957
-5.85	0.0250454
-5.825	0.0251305
-5.8	0.0252121
-5.775	0.0252902
-5.75	0.0253649
-5.725	0.0254359
-5.7	0.0255033
-5.675	0.025567
-5.65	0.025627
-5.625	0.0256831
-5.6	0.0257353
-5.575	0.0257836
-5.55	0.0258279
-5.525	0.0258681
-5.5	0.0259042
-5.475	0.0259362
-5.45	0.0259639
-5.425	0.0259873
-5.4	0.0260064
-5.375	0.0260211
-5.35	0.0260313
-5.325	0.026037
-5.3	0.0260382
-5.275	0.0260348
-5.25	0.0260267
-5.225	0.026014
-5.2	0.0259965
-5.175	0.0259742
-5.15	0.0259472
-5.125	0.0259153
-5.1	0.0258785
-5.075	0.0258368
-5.05	0.0257901
-5.025	0.0257385
-5	0.0256819
-4.975	0.0256203
-4.95	0.0255537
-4.925	0.025482
-4.9	0.0254053
-4.875	0.0253235
-4.85	0.0252366
-4.825	0.0251447
-4.8	0.0250477
-4.775	0.0249457
-4.75	0.0248386
-4.725	0.0247264
-4.7	0.0246093
-4.675	0.0244871
-4.65	0.0243599
-4.625	0.0242278
-4.6	0.0240907
-4.575	0.0239487
-4.55	0.0238019
-4.525	0.0236502
-4.5	0.0234937
-4.475	0.0233325
-4.45	0.0231666
-4.425	0.0229961
-4.4	0.022821
-4.375	0.0226413
-4.35	0.0224572
-4.325	0.0222687
-4.3	0.0220758
-4.275	0.0218787
-4.25	0.0216774
-4.225	0.021472
-4.2	0.0212626
-4.175	0.0210492
-4.15	0.0208319
-4.125	0.0206109
-4.1	0.0203862
-4.075	0.020158
-4.05	0.0199262
-4.025	0.019691
-4	0.0194526
-3.975	0.0192109
-3.95	0.0189662
-3.925	0.0187185
-3.9	0.0184679
-3.875	0.0182145
-3.85	0.0179585
-3.825	0.0177
-3.8	0.017439
-3.775	0.0171758
-3.75	0.0169103
-3.725	0.0166428
-3.7	0.0163733
-3.675	0.016102
-3.65	0.015829
-3.625	0.0155544
-3.6	0.0152783
-3.575	0.0150009
-3.55	0.0147223
-3.525	0.0144425
-3.5	0.0141618
-3.475	0.0138802
-3.45	0.0135979
-3.425	0.013315
-3.4	0.0130316
-3.375	0.0127479
-3.35	0.0124639
-3.325	0.0121798
-3.3	0.0118957
-3.275	0.0116117
-3.25	0.011328
-3.225	0.0110446
-3.2	0.0107617
-3.175	0.0104794
-3.15	0.0101978
-3.125	0.00991709
-3.1	0.0096373
-3.075	0.00935857
-3.05	0.00908101
-3.025	0.00880475
-3	0.00852988
-2.975	0.00825652
-2.95	0.00798477
-2.925	0.00771476
-2.9	0.00744656
-2.875	0.0071803
-2.85	0.00691606
-2.825	0.00665397
-2.8	0.0063941
-2.775	0.00613656
-2.75	0.00588145
-2.725	0.00562885
-2.7	0.00537887
-2.675	0.00513159
-2.65	0.0048871
-2.625	0.00464549
-2.6	0.00440685
-2.575	0.00417126
-2.55	0.0039388
-2.525	0.00370955
-2.5	0.00348359
-2.475	0.00326099
-2.45	0.00304182
-2.425	0.00282617
-2.4	0.0026141
-2.375	0.00240567
-2.35	0.00220095
-2.325	0.00200001
-2.3	0.0018029
-2.275	0.00160968
-2.25	0.00142042
-2.225	0.00123517
-2.2	0.00105397
-2.175	0.000876882
-2.15	0.000703958
-2.125	0.000535233
-2.1	0.000370762
-2.075	0.000210579
-2.05	5.47265e-05
-2.025	-9.67721e-05
-2	-0.000243874
-1.975	-0.000386552
-1.95	-0.00052478
-1.925	-0.000658527
-1.9	-0.000787775
-1.875	-0.0009125
-1.85	-0.00103269
-1.825	-0.00114833
-1.8	-0.0012594
-1.775	-0.0013659
-1.75	-0.00146781
-1.725	-0.00156514
-1.7	-0.00165789
-1.675	-0.00174605
-1.65	-0.00182964
-1.625	-0.00190865
-1.6	-0.00198311
-1.575	-0.00205302
-1.55	-0.0021184
-1.525	-0.00217926
-1.5	-0.00223563
-1.475	-0.00228754
-1.45	-0.002335
-1.425	-0.00237806
-1.4	-0.00241675
-1.375	-0.00245111
-1.35	-0.00248117
-1.325	-0.00250699
-1.3	-0.00252861
-1.275	-0.00254608
-1.25	-0.00255945
-1.225	-0.00256877
-1.2	-0.00257412
-1.175	-0.00257554
-1.15	-0.0025731
-1.125	-0.00256687
-1.1	-0.00255691
-1.075	-0.00254331
-1.05	-0.00252612
-1.025	-0.00250545
-1	-0.00248137
-0.975	-0.00245396
-0.95	-0.00242331
-0.925	-0.00238952
-0.9	-0.00235266
-0.875	-0.00231283
-0.85	-0.00227015
-0.825	-0.0022247
-0.8	-0.0021766
-0.775	-0.00212595
-0.75	-0.00207285
-0.725	-0.0020174
-0.7	-0.00195971
-0.675	-0.00189989
-0.65	-0.00183807
-0.625	-0.00177436
-0.6	-0.00170888
-0.575	-0.00164177
-0.55	-0.00157315
-0.525	-0.00150315
-0.5	-0.0014319
-0.475	-0.00135951
-0.45	-0.00128612
-0.425	-0.00121186
-0.4	-0.00113687
-0.375	-0.00106126
-0.35	-0.000985162
-0.325	-0.000908713
-0.3	-0.000832036
-0.275	-0.000755265
-0.25	-0.000678537
-0.225	-0.000601971
-0.2	-0.000525685
-0.175	-0.000449825
-0.15	-0.000374522
-0.125	-0.000299937
-0.1	-0.000226292
-0.075	-0.000153847
-0.05	-8.31698e-05
-0.025	-5.85142e-06
1.77636e-15	0
