-14.975	0.010065
-14.95	0.0100504
-14.925	0.0100355
-14.9	0.0100203
-14.875	0.0100048
-14.85	0.00998891
-14.825	0.00997273
-14.8	0.00995623
-14.775	0.00993943
-14.75	0.00992233
-14.725	0.00990492
-14.7	0.00988721
-14.675	0.00986922
-14.65	0.00985095
-14.625	0.00983239
-14.6	0.00981356
-14.575	0.00979445
-14.55	0.00977509
-14.525	0.00975547
-14.5	0.00973558
-14.475	0.00971545
-14.45	0.00969507
-14.425	0.00967446
-14.4	0.00965361
-14.375	0.00963253
-14.35	0.00961123
-14.325	0.00958972
-14.3	0.00956799
-14.275	0.00954605
-14.25	0.00952392
-14.225	0.00950158
-14.2	0.00947906
-14.175	0.00945634
-14.15	0.00943346
-14.125	0.00941039
-14.1	0.00938716
-14.075	0.00936376
-14.05	0.0093402
-14.025	0.00931649
-14	0.00929263
-13.975	0.00926863
-13.95	0.00924449
-13.925	0.00922021
-13.9	0.00919581
-13.875	0.00917128
-13.85	0.00914664
-13.825	0.00912188
-13.8	0.00909701
-13.775	0.00907203
-13.75	0.00904695
-13.725	0.00902177
-13.7	0.0089965
-13.675	0.00897115
-13.65	0.00894571
-13.625	0.00892019
-13.6	0.00889459
-13.575	0.00886892
-13.55	0.00884318
-13.525	0.00881738
-13.5	0.00879151
-13.475	0.00876558
-13.45	0.0087396
-13.425	0.00871356
-13.4	0.00868748
-13.375	0.00866134
-13.35	0.00863516
-13.325	0.00860894
-13.3	0.00858268
-13.275	0.00855638
-13.25	0.00853004
-13.225	0.00850368
-13.2	0.00847727
-13.175	0.00845084
-13.15	0.00842437
-13.125	0.00839788
-13.1	0.00837136
-13.075	0.00834481
-13.05	0.00831824
-13.025	0.00829164
-13	0.00826501
-12.975	0.00823837
-12.95	0.00821169
-12.925	0.008185
-12.9	0.00815828
-12.875	0.00813153
-12.85	0.00810475
-12.825	0.00807795
-12.8	0.00805112
-12.775	0.00802426
-12.75	0.00799737
-12.725	0.00797045
-12.7	0.0079435
-12.675	0.0079165
-12.65	0.00788948
-12.625	0.00786241
-12.6	0.0078353
-12.575	0.00780815
-12.55	0.00778095
-12.525	0.0077537
-12.5	0.0077264
-12.475	0.00769904
-12.45	0.00767163
-12.425	0.00764416
-12.4	0.00761662
-12.375	0.00758902
-12.35	0.00756134
-12.325	0.00753359
-12.3	0.00750576
-12.275	0.00747786
-12.25	0.00744987
-12.225	0.00742179
-12.2	0.00739362
-12.175	0.00736536
-12.15	0.007337
-12.125	0.00730853
-12.1	0.00727996
-12.075	0.00725129
-12.05	0.00722249
-12.025	0.00719358
-12	0.00716454
-11.975	0.00713538
-11.95	0.00710609
-11.925	0.00707666
-11.9	0.0070471
-11.875	0.00701739
-11.85	0.00698753
-11.825	0.00695752
-11.8	0.00692735
-11.775	0.00689702
-11.75	0.00686653
-11.725	0.00683586
-11.7	0.00680502
-11.675	0.00677399
-11.65	0.00674279
-11.625	0.00671139
-11.6	0.00667979
-11.575	0.006648
-11.55	0.006616
-11.525	0.0065838
-11.5	0.00655138
-11.475	0.00651874
-11.45	0.00648587
-11.425	0.00645278
-11.4	0.00641945
-11.375	0.00638588
-11.35	0.00635207
-11.325	0.006318
-11.3	0.00628368
-11.275	0.0062491
-11.25	0.00621426
-11.225	0.00617915
-11.2	0.00614376
-11.175	0.0061081
-11.15	0.00607214
-11.125	0.0060359
-11.1	0.00599937
-11.075	0.00596253
-11.05	0.00592539
-11.025	0.00588794
-11	0.00585018
-10.975	0.00581209
-10.95	0.00577368
-10.925	0.00573494
-10.9	0.00569587
-10.875	0.00565645
-10.85	0.00561668
-10.825	0.00557657
-10.8	0.0055361
-10.775	0.00549528
-10.75	0.00545408
-10.725	0.00541251
-10.7	0.00537057
-10.675	0.00532825
-10.65	0.00528554
-10.625	0.00524243
-10.6	0.00519893
-10.575	0.00515502
-10.55	0.00511071
-10.525	0.00506598
-10.5	0.00502084
-10.475	0.00497527
-10.45	0.00492927
-10.425	0.00488284
-10.4	0.00483596
-10.375	0.00478865
-10.35	0.00474088
-10.325	0.00469266
-10.3	0.00464398
-10.275	0.00459483
-10.25	0.00454521
-10.225	0.00449512
-10.2	0.00444454
-10.175	0.00439348
-10.15	0.00434193
-10.125	0.00428988
-10.1	0.00423733
-10.075	0.00418428
-10.05	0.00413071
-10.025	0.00407663
-10	0.00402203
-9.975	0.00396691
-9.95	0.00391125
-9.925	0.00385507
-9.9	0.00379835
-9.875	0.00374108
-9.85	0.00368327
-9.825	0.00362491
-9.8	0.003566
-9.775	0.00350653
-9.75	0.00344649
-9.725	0.00338589
-9.7	0.00332472
-9.675	0.00326297
-9.65	0.00320064
-9.625	0.00313774
-9.6	0.00307425
-9.575	0.00301018
-9.55	0.00294551
-9.525	0.00288024
-9.5	0.00281438
-9.475	0.00274792
-9.45	0.00268085
-9.425	0.00261317
-9.4	0.00254488
-9.375	0.00247598
-9.35	0.00240646
-9.325	0.00233631
-9.3	0.00226554
-9.275	0.00219415
-9.25	0.00212213
-9.225	0.00204947
-9.2	0.00197618
-9.175	0.00190225
-9.15	0.00182769
-9.125	0.00175248
-9.1	0.00167663
-9.075	0.00160013
-9.05	0.00152298
-9.025	0.00144518
-9	0.00136673
-8.975	0.00128762
-8.95	0.00120787
-8.925	0.00112744
-8.9	0.00104636
-8.875	0.000964626
-8.85	0.00088223
-8.825	0.000799173
-8.8	0.000715453
-8.775	0.000631073
-8.75	0.000546029
-8.725	0.000460321
-8.7	0.000373945
-8.675	0.000286911
-8.65	0.000199215
-8.625	0.000110851
-8.6	2.18321e-05
-8.575	-6.78472e-05
-8.55	-0.000158189
-8.525	-0.000249183
-8.5	-0.000340833
-8.475	-0.000433136
-8.45	-0.000526087
-8.425	-0.000619685
-8.4	-0.00071393
-8.375	-0.000808817
-8.35	-0.00090434
-8.325	-0.0010005
-8.3	-0.00109729
-8.275	-0.00119471
-8.25	-0.00129276
-8.225	-0.00139143
-8.2	-0.00149071
-8.175	-0.00159061
-8.15	-0.00169111
-8.125	-0.00179221
-8.1	-0.00189392
-8.075	-0.00199621
-8.05	-0.00209909
-8.025	-0.00220256
-8	-0.00230659
-7.975	-0.00241119
-7.95	-0.00251636
-7.925	-0.00262208
-7.9	-0.00272836
-7.875	-0.00283518
-7.85	-0.00294254
-7.825	-0.00305043
-7.8	-0.00315886
-7.775	-0.0032678
-7.75	-0.00337727
-7.725	-0.00348724
-7.7	-0.00359772
-7.675	-0.00370869
-7.65	-0.00382016
-7.625	-0.00393211
-7.6	-0.00404455
-7.575	-0.00415746
-7.55	-0.00427084
-7.525	-0.00438468
-7.5	-0.00449899
-7.475	-0.00461375
-7.45	-0.00472897
-7.425	-0.00484463
-7.4	-0.00496074
-7.375	-0.00507729
-7.35	-0.00519428
-7.325	-0.00531171
-7.3	-0.00542956
-7.275	-0.00554786
-7.25	-0.00566659
-7.225	-0.00578574
-7.2	-0.00590534
-7.175	-0.00602537
-7.15	-0.00614584
-7.125	-0.00626674
-7.1	-0.00638809
-7.075	-0.00650989
-7.05	-0.00663213
-7.025	-0.00675484
-7	-0.00687801
-6.975	-0.00700166
-6.95	-0.00712578
-6.925	-0.0072504
-6.9	-0.00737552
-6.875	-0.00750115
-6.85	-0.00762732
-6.825	-0.00775402
-6.8	-0.0078813
-6.775	-0.00800915
-6.75	-0.00813759
-6.725	-0.00826666
-6.7	-0.00839636
-6.675	-0.00852672
-6.65	-0.00865778
-6.625	-0.00878955
-6.6	-0.00892206
-6.575	-0.00905535
-6.55	-0.00918944
-6.525	-0.00932434
-6.5	-0.00946014
-6.475	-0.00959682
-6.45	-0.00973452
-6.425	-0.00987314
-6.4	-0.0100128
-6.375	-0.0101536
-6.35	-0.0102955
-6.325	-0.0104387
-6.3	-0.0105827
-6.275	-0.0107285
-6.25	-0.0108755
-6.225	-0.0110238
-6.2	-0.0111737
-6.175	-0.011325
-6.15	-0.011478
-6.125	-0.0116326
-6.1	-0.011789
-6.075	-0.0119472
-6.05	-0.0121073
-6.025	-0.0122693
-6	-0.0124334
-5.975	-0.0125997
-5.95	-0.0127681
-5.925	-0.0129388
-5.9	-0.013112
-5.875	-0.0132876
-5.85	-0.0134658
-5.825	-0.0136467
-5.8	-0.0138304
-5.775	-0.0140169
-5.75	-0.0142064
-5.725	-0.014399
-5.7	-0.0145947
-5.675	-0.0147938
-5.65	-0.0149962
-5.625	-0.0152022
-5.6	-0.0154117
-5.575	-0.0156251
-5.55	-0.0158422
-5.525	-0.0160633
-5.5	-0.0162885
-5.475	-0.0165178
-5.45	-0.0167515
-5.425	-0.0169896
-5.4	-0.0172322
-5.375	-0.0174794
-5.35	-0.0177314
-5.325	-0.0179883
-5.3	-0.0182501
-5.275	-0.0185171
-5.25	-0.0187892
-5.225	-0.0190667
-5.2	-0.0193495
-5.175	-0.0196379
-5.15	-0.0199319
-5.125	-0.0202316
-5.1	-0.0205371
-5.075	-0.0208486
-5.05	-0.021166
-5.025	-0.0214895
-5	-0.0218191
-4.975	-0.022155
-4.95	-0.0224971
-4.925	-0.0228457
-4.9	-0.0232006
-4.875	-0.023562
-4.85	-0.0239299
-4.825	-0.0243044
-4.8	-0.0246854
-4.775	-0.0250731
-4.75	-0.0254673
-4.725	-0.0258682
-4.7	-0.0262757
-4.675	-0.0266898
-4.65	-0.0271105
-4.625	-0.0275377
-4.6	-0.0279714
-4.575	-0.0284115
-4.55	-0.028858
-4.525	-0.0293108
-4.5	-0.0297698
-4.475	-0.0302349
-4.45	-0.030706
-4.425	-0.0311829
-4.4	-0.0316655
-4.375	-0.0321537
-4.35	-0.0326472
-4.325	-0.0331459
-4.3	-0.0336496
-4.275	-0.034158
-4.25	-0.034671
-4.225	-0.0351881
-4.2	-0.0357093
-4.175	-0.0362342
-4.15	-0.0367624
-4.125	-0.0372938
-4.1	-0.0378278
-4.075	-0.0383642
-4.05	-0.0389026
-4.025	-0.0394427
-4	-0.0399838
-3.975	-0.0405258
-3.95	-0.041068
-3.925	-0.04161
-3.9	-0.0421514
-3.875	-0.0426917
-3.85	-0.0432302
-3.825	-0.0437665
-3.8	-0.0442999
-3.775	-0.04483
-3.75	-0.0453562
-3.725	-0.0458777
-3.7	-0.046394
-3.675	-0.0469044
-3.65	-0.0474082
-3.625	-0.0479048
-3.6	-0.0483935
-3.575	-0.0488736
-3.55	-0.0493443
-3.525	-0.0498048
-3.5	-0.0502545
-3.475	-0.0506926
-3.45	-0.0511183
-3.425	-0.0515308
-3.4	-0.0519293
-3.375	-0.0523131
-3.35	-0.0526812
-3.325	-0.0530329
-3.3	-0.0533674
-3.275	-0.0536838
-3.25	-0.0539814
-3.225	-0.0542592
-3.2	-0.0545165
-3.175	-0.0547524
-3.15	-0.0549662
-3.125	-0.055157
-3.1	-0.055324
-3.075	-0.0554664
-3.05	-0.0555834
-3.025	-0.0556743
-3	-0.0557383
-2.975	-0.0557746
-2.95	-0.0557825
-2.925	-0.0557613
-2.9	-0.0557104
-2.875	-0.0556291
-2.85	-0.0555167
-2.825	-0.0553726
-2.8	-0.0551964
-2.775	-0.0549873
-2.75	-0.054745
-2.725	-0.0544689
-2.7	-0.0541587
-2.675	-0.0538139
-2.65	-0.0534343
-2.625	-0.0530194
-2.6	-0.0525691
-2.575	-0.0520831
-2.55	-0.0515613
-2.525	-0.0510036
-2.5	-0.05041
-2.475	-0.0497805
-2.45	-0.0491151
-2.425	-0.048414
-2.4	-0.0476775
-2.375	-0.0469056
-2.35	-0.0460988
-2.325	-0.0452575
-2.3	-0.0443821
-2.275	-0.0434732
-2.25	-0.0425313
-2.225	-0.0415571
-2.2	-0.0405514
-2.175	-0.039515
-2.15	-0.0384487
-2.125	-0.0373534
-2.1	-0.0362303
-2.075	-0.0350804
-2.05	-0.0339049
-2.025	-0.032705
-2	-0.031482
-1.975	-0.0302372
-1.95	-0.0289722
-1.925	-0.0276883
-1.9	-0.0263873
-1.875	-0.0250706
-1.85	-0.02374
-1.825	-0.0223973
-1.8	-0.0210441
-1.775	-0.0196825
-1.75	-0.0183141
-1.725	-0.0169411
-1.7	-0.0155654
-1.675	-0.0141889
-1.65	-0.0128138
-1.625	-0.0114421
-1.6	-0.010076
-1.575	-0.00871747
-1.55	-0.00736877
-1.525	-0.00603202
-1.5	-0.00470938
-1.475	-0.003403
-1.45	-0.00211502
-1.425	-0.000847585
-1.4	0.000397163
-1.375	0.00161712
-1.35	0.00281022
-1.325	0.00397439
-1.3	0.00510764
-1.275	0.006208
-1.25	0.00727356
-1.225	0.00830244
-1.2	0.00929288
-1.175	0.0102431
-1.15	0.0111515
-1.125	0.0120164
-1.1	0.0128364
-1.075	0.0136101
-1.05	0.014336
-1.025	0.0150131
-1	0.0156401
-0.975	0.0162161
-0.95	0.0167402
-0.925	0.0172115
-0.9	0.0176294
-0.875	0.0179934
-0.85	0.0183029
-0.825	0.0185578
-0.8	0.0187577
-0.775	0.0189027
-0.75	0.0189928
-0.725	0.0190282
-0.7	0.0190093
-0.675	0.0189364
-0.65	0.0188103
-0.625	0.0186316
-0.6	0.0184012
-0.575	0.01812
-0.55	0.0177892
-0.525	0.0174099
-0.5	0.0169835
-0.475	0.0165114
-0.45	0.0159952
-0.425	0.0154366
-0.4	0.0148373
-0.375	0.0141992
-0.35	0.0135243
-0.325	0.0128145
-0.3	0.0120721
-0.275	0.0112991
-0.25	0.0104979
-0.225	0.00967081
-0.2	0.00882014
-0.175	0.00794831
-0.15	0.0070578
-0.125	0.00615111
-0.1	0.00523077
-0.075	0.00429935
-0.05	0.00335938
-0.025	0.00241334
1.77636e-15	0
