-14.975	0.00134744
-14.95	0.00129025
-14.925	0.00123263
-14.9	0.00117457
-14.875	0.0011161
-14.85	0.00105719
-14.825	0.000997843
-14.8	0.000938066
-14.775	0.000877855
-14.75	0.000817213
-14.725	0.000756126
-14.7	0.000694605
-14.675	0.000632642
-14.65	0.000570241
-14.625	0.000507394
-14.6	0.00044411
-14.575	0.000380383
-14.55	0.000316212
-14.525	0.000251594
-14.5	0.000186535
-14.475	0.00012103
-14.45	5.50801e-05
-14.425	-1.13146e-05
-14.4	-7.81567e-05
-14.375	-0.000145441
-14.35	-0.000213172
-14.325	-0.000281347
-14.3	-0.000349966
-14.275	-0.000419032
-14.25	-0.000488541
-14.225	-0.000558493
-14.2	-0.000628884
-14.175	-0.000699716
-14.15	-0.000770993
-14.125	-0.000842706
-14.1	-0.000914856
-14.075	-0.000987441
-14.05	-0.00106046
-14.025	-0.00113391
-14	-0.00120779
-13.975	-0.0012821
-13.95	-0.00135684
-13.925	-0.001432
-13.9	-0.00150758
-13.875	-0.00158358
-13.85	-0.00165999
-13.825	-0.00173683
-13.8	-0.00181406
-13.775	-0.00189171
-13.75	-0.00196976
-13.725	-0.00204821
-13.7	-0.00212706
-13.675	-0.0022063
-13.65	-0.00228593
-13.625	-0.00236594
-13.6	-0.00244633
-13.575	-0.0025271
-13.55	-0.00260824
-13.525	-0.00268974
-13.5	-0.00277161
-13.475	-0.00285383
-13.45	-0.0029364
-13.425	-0.00301931
-13.4	-0.00310257
-13.375	-0.00318615
-13.35	-0.00327006
-13.325	-0.00335429
-13.3	-0.00343883
-13.275	-0.00352367
-13.25	-0.00360882
-13.225	-0.00369425
-13.2	-0.00377998
-13.175	-0.00386597
-13.15	-0.00395224
-13.125	-0.00403876
-13.1	-0.00412554
-13.075	-0.00421256
-13.05	-0.00429981
-13.025	-0.0043873
-13	-0.004475
-12.975	-0.0045629
-12.95	-0.004651
-12.925	-0.0047393
-12.9	-0.00482776
-12.875	-0.0049164
-12.85	-0.0050052
-12.825	-0.00509414
-12.8	-0.00518322
-12.775	-0.00527243
-12.75	-0.00536175
-12.725	-0.00545117
-12.7	-0.0055407
-12.675	-0.00563029
-12.65	-0.00571996
-12.625	-0.00580969
-12.6	-0.00589947
-12.575	-0.00598928
-12.55	-0.00607911
-12.525	-0.00616896
-12.5	-0.00625881
-12.475	-0.00634864
-12.45	-0.00643845
-12.425	-0.00652822
-12.4	-0.00661794
-12.375	-0.00670759
-12.35	-0.00679718
-12.325	-0.00688668
-12.3	-0.00697607
-12.275	-0.00706536
-12.25	-0.00715452
-12.225	-0.00724354
-12.2	-0.00733242
-12.175	-0.00742113
-12.15	-0.00750967
-12.125	-0.00759803
-12.1	-0.00768619
-12.075	-0.00777414
-12.05	-0.00786186
-12.025	-0.00794936
-12	-0.0080366
-11.975	-0.00812359
-11.95	-0.00821031
-11.925	-0.00829675
-11.9	-0.00838289
-11.875	-0.00846873
-11.85	-0.00855426
-11.825	-0.00863945
-11.8	-0.0087243
-11.775	-0.0088088
-11.75	-0.00889294
-11.725	-0.00897671
-11.7	-0.0090601
-11.675	-0.00914309
-11.65	-0.00922567
-11.625	-0.00930784
-11.6	-0.00938958
-11.575	-0.00947088
-11.55	-0.00955174
-11.525	-0.00963213
-11.5	-0.00971205
-11.475	-0.0097915
-11.45	-0.00987045
-11.425	-0.0099489
-11.4	-0.0100268
-11.375	-0.0101043
-11.35	-0.0101812
-11.325	-0.0102575
-11.3	-0.0103333
-11.275	-0.0104086
-11.25	-0.0104833
-11.225	-0.0105574
-11.2	-0.0106309
-11.175	-0.0107038
-11.15	-0.0107761
-11.125	-0.0108478
-11.1	-0.0109189
-11.075	-0.0109894
-11.05	-0.0110592
-11.025	-0.0111284
-11	-0.0111969
-10.975	-0.0112648
-10.95	-0.011332
-10.925	-0.0113985
-10.9	-0.0114643
-10.875	-0.0115295
-10.85	-0.0115939
-10.825	-0.0116577
-10.8	-0.0117207
-10.775	-0.0117831
-10.75	-0.0118447
-10.725	-0.0119055
-10.7	-0.0119657
-10.675	-0.0120251
-10.65	-0.0120837
-10.625	-0.0121416
-10.6	-0.0121987
-10.575	-0.0122551
-10.55	-0.0123107
-10.525	-0.0123655
-10.5	-0.0124195
-10.475	-0.0124728
-10.45	-0.0125252
-10.425	-0.0125768
-10.4	-0.0126277
-10.375	-0.0126777
-10.35	-0.0127269
-10.325	-0.0127753
-10.3	-0.0128229
-10.275	-0.0128696
-10.25	-0.0129155
-10.225	-0.0129606
-10.2	-0.0130048
-10.175	-0.0130482
-10.15	-0.0130906
-10.125	-0.0131323
-10.1	-0.0131731
-10.075	-0.013213
-10.05	-0.013252
-10.025	-0.0132901
-10	-0.0133274
-9.975	-0.0133637
-9.95	-0.0133992
-9.925	-0.0134338
-9.9	-0.0134674
-9.875	-0.0135002
-9.85	-0.013532
-9.825	-0.0135629
-9.8	-0.0135928
-9.775	-0.0136219
-9.75	-0.01365
-9.725	-0.0136771
-9.7	-0.0137033
-9.675	-0.0137285
-9.65	-0.0137528
-9.625	-0.0137761
-9.6	-0.0137984
-9.575	-0.0138197
-9.55	-0.0138401
-9.525	-0.0138594
-9.5	-0.0138777
-9.475	-0.013895
-9.45	-0.0139113
-9.425	-0.0139266
-9.4	-0.0139408
-9.375	-0.0139539
-9.35	-0.013966
-9.325	-0.0139771
-9.3	-0.013987
-9.275	-0.0139959
-9.25	-0.0140036
-9.225	-0.0140102
-9.2	-0.0140157
-9.175	-0.0140201
-9.15	-0.0140233
-9.125	-0.0140254
-9.1	-0.0140262
-9.075	-0.0140259
-9.05	-0.0140244
-9.025	-0.0140216
-9	-0.0140177
-8.975	-0.0140124
-8.95	-0.0140059
-8.925	-0.0139981
-8.9	-0.0139889
-8.875	-0.0139785
-8.85	-0.0139667
-8.825	-0.0139535
-8.8	-0.013939
-8.775	-0.013923
-8.75	-0.0139056
-8.725	-0.0138867
-8.7	-0.0138664
-8.675	-0.0138446
-8.65	-0.0138212
-8.625	-0.0137963
-8.6	-0.0137698
-8.575	-0.0137417
-8.55	-0.0137119
-8.525	-0.0136805
-8.5	-0.0136474
-8.475	-0.0136126
-8.45	-0.0135761
-8.425	-0.0135377
-8.4	-0.0134975
-8.375	-0.0134555
-8.35	-0.0134116
-8.325	-0.0133658
-8.3	-0.013318
-8.275	-0.0132682
-8.25	-0.0132164
-8.225	-0.0131625
-8.2	-0.0131065
-8.175	-0.0130484
-8.15	-0.012988
-8.125	-0.0129255
-8.1	-0.0128606
-8.075	-0.0127935
-8.05	-0.0127239
-8.025	-0.012652
-8	-0.0125777
-7.975	-0.0125008
-7.95	-0.0124214
-7.925	-0.0123394
-7.9	-0.0122547
-7.875	-0.0121674
-7.85	-0.0120773
-7.825	-0.0119845
-7.8	-0.0118888
-7.775	-0.0117902
-7.75	-0.0116886
-7.725	-0.0115841
-7.7	-0.0114765
-7.675	-0.0113658
-7.65	-0.011252
-7.625	-0.0111349
-7.6	-0.0110146
-7.575	-0.010891
-7.55	-0.0107639
-7.525	-0.0106334
-7.5	-0.0104995
-7.475	-0.010362
-7.45	-0.0102209
-7.425	-0.0100761
-7.4	-0.00992763
-7.375	-0.00977538
-7.35	-0.00961931
-7.325	-0.00945934
-7.3	-0.00929544
-7.275	-0.00912754
-7.25	-0.0089556
-7.225	-0.00877955
-7.2	-0.00859934
-7.175	-0.00841491
-7.15	-0.00822621
-7.125	-0.00803321
-7.1	-0.00783582
-7.075	-0.00763402
-7.05	-0.00742773
-7.025	-0.00721692
-7	-0.00700154
-6.975	-0.00678154
-6.95	-0.00655687
-6.925	-0.00632749
-6.9	-0.00609336
-6.875	-0.00585443
-6.85	-0.00561066
-6.825	-0.00536201
-6.8	-0.00510845
-6.775	-0.00484994
-6.75	-0.00458645
-6.725	-0.00431795
-6.7	-0.00404439
-6.675	-0.00376576
-6.65	-0.00348205
-6.625	-0.00319322
-6.6	-0.00289924
-6.575	-0.00260023
-6.55	-0.00229579
-6.525	-0.00198625
-6.5	-0.00167179
-6.475	-0.00135183
-6.45	-0.00102682
-6.425	-0.000696664
-6.4	-0.000361174
-6.375	-2.06423e-05
-6.35	0.000325303
-6.325	0.000675888
-6.3	0.00103215
-6.275	0.00139331
-6.25	0.00175929
-6.225	0.00213074
-6.2	0.00250699
-6.175	0.00288817
-6.15	0.0032744
-6.125	0.00366543
-6.1	0.00406127
-6.075	0.0044619
-6.05	0.00486722
-6.025	0.00527717
-6	0.00569167
-5.975	0.00611065
-5.95	0.00653402
-5.925	0.00696169
-5.9	0.00739357
-5.875	0.00782955
-5.85	0.00826955
-5.825	0.00871343
-5.8	0.00916109
-5.775	0.00961241
-5.75	0.0100673
-5.725	0.0105255
-5.7	0.010987
-5.675	0.0114516
-5.65	0.0119192
-5.625	0.0123896
-5.6	0.0128626
-5.575	0.0133381
-5.55	0.0138158
-5.525	0.0142958
-5.5	0.0147776
-5.475	0.0152612
-5.45	0.0157463
-5.425	0.0162328
-5.4	0.0167205
-5.375	0.017209
-5.35	0.0176983
-5.325	0.0181881
-5.3	0.0186781
-5.275	0.0191681
-5.25	0.0196579
-5.225	0.0201473
-5.2	0.0206359
-5.175	0.0211236
-5.15	0.0216101
-5.125	0.022095
-5.1	0.0225783
-5.075	0.0230595
-5.05	0.0235383
-5.025	0.0240146
-5	0.0244881
-4.975	0.0249584
-4.95	0.0254252
-4.925	0.0258883
-4.9	0.0263474
-4.875	0.0268021
-4.85	0.0272522
-4.825	0.0276973
-4.8	0.0281372
-4.775	0.0285716
-4.75	0.029
-4.725	0.0294223
-4.7	0.0298381
-4.675	0.0302472
-4.65	0.030649
-4.625	0.0310435
-4.6	0.0314302
-4.575	0.0318089
-4.55	0.0321792
-4.525	0.0325408
-4.5	0.0328935
-4.475	0.0332368
-4.45	0.0335706
-4.425	0.0338945
-4.4	0.0342082
-4.375	0.0345114
-4.35	0.0348038
-4.325	0.0350852
-4.3	0.0353553
-4.275	0.0356137
-4.25	0.0358602
-4.225	0.0360946
-4.2	0.0363165
-4.175	0.0365258
-4.15	0.0367221
-4.125	0.0369053
-4.1	0.0370751
-4.075	0.0372313
-4.05	0.0373736
-4.025	0.0375019
-4	0.037616
-3.975	0.0377157
-3.95	0.0378007
-3.925	0.037871
-3.9	0.0379263
-3.875	0.0379665
-3.85	0.0379915
-3.825	0.0380012
-3.8	0.0379954
-3.775	0.0379741
-3.75	0.0379371
-3.725	0.0378844
-3.7	0.0378159
-3.675	0.0377315
-3.65	0.0376313
-3.625	0.0375152
-3.6	0.0373831
-3.575	0.0372351
-3.55	0.0370713
-3.525	0.0368915
-3.5	0.036696
-3.475	0.0364846
-3.45	0.0362576
-3.425	0.036015
-3.4	0.0357568
-3.375	0.0354833
-3.35	0.0351945
-3.325	0.0348906
-3.3	0.0345717
-3.275	0.0342381
-3.25	0.0338898
-3.225	0.0335272
-3.2	0.0331503
-3.175	0.0327595
-3.15	0.0323551
-3.125	0.0319371
-3.1	0.031506
-3.075	0.031062
-3.05	0.0306054
-3.025	0.0301365
-3	0.0296557
-2.975	0.0291632
-2.95	0.0286594
-2.925	0.0281448
-2.9	0.0276196
-2.875	0.0270842
-2.85	0.026539
-2.825	0.0259845
-2.8	0.025421
-2.775	0.024849
-2.75	0.024269
-2.725	0.0236812
-2.7	0.0230863
-2.675	0.0224846
-2.65	0.0218767
-2.625	0.021263
-2.6	0.020644
-2.575	0.0200201
-2.55	0.019392
-2.525	0.01876
-2.5	0.0181247
-2.475	0.0174867
-2.45	0.0168463
-2.425	0.0162042
-2.4	0.0155608
-2.375	0.0149168
-2.35	0.0142725
-2.325	0.0136286
-2.3	0.0129855
-2.275	0.0123438
-2.25	0.0117041
-2.225	0.0110668
-2.2	0.0104325
-2.175	0.0098017
-2.15	0.00917493
-2.125	0.00855274
-2.1	0.00793561
-2.075	0.00732408
-2.05	0.00671865
-2.025	0.00611983
-2	0.0055281
-1.975	0.00494396
-1.95	0.00436791
-1.925	0.00380041
-1.9	0.00324194
-1.875	0.00269295
-1.85	0.00215391
-1.825	0.00162525
-1.8	0.00110741
-1.775	0.000600812
-1.75	0.000105861
-1.725	-0.000377049
-1.7	-0.000847525
-1.675	-0.00130521
-1.65	-0.00174974
-1.625	-0.00218076
-1.6	-0.00259795
-1.575	-0.00300098
-1.55	-0.00338954
-1.525	-0.00376337
-1.5	-0.00412219
-1.475	-0.00446573
-1.45	-0.00479378
-1.425	-0.00510611
-1.4	-0.00540252
-1.375	-0.00568284
-1.35	-0.00594691
-1.325	-0.00619458
-1.3	-0.00642575
-1.275	-0.0066403
-1.25	-0.00683817
-1.225	-0.00701927
-1.2	-0.00718357
-1.175	-0.00733106
-1.15	-0.00746174
-1.125	-0.00757562
-1.1	-0.00767276
-1.075	-0.00775323
-1.05	-0.00781709
-1.025	-0.00786446
-1	-0.00789547
-0.975	-0.00791029
-0.95	-0.00790906
-0.925	-0.007892
-0.9	-0.00785931
-0.875	-0.00781124
-0.85	-0.00774806
-0.825	-0.00767005
-0.8	-0.00757751
-0.775	-0.00747077
-0.75	-0.00735017
-0.725	-0.00721607
-0.7	-0.00706885
-0.675	-0.00690892
-0.65	-0.00673669
-0.625	-0.00655261
-0.6	-0.00635714
-0.575	-0.00615074
-0.55	-0.00593392
-0.525	-0.00570717
-0.5	-0.00547101
-0.475	-0.00522597
-0.45	-0.00497261
-0.425	-0.00471148
-0.4	-0.00444317
-0.375	-0.00416825
-0.35	-0.00388734
-0.325	-0.00360101
-0.3	-0.00330989
-0.275	-0.00301457
-0.25	-0.00271567
-0.225	-0.00241379
-0.2	-0.00210958
-0.175	-0.00180367
-0.15	-0.00149673
-0.125	-0.00118956
-0.1	-0.000881837
-0.075	-0.000575007
-0.05	-0.00026897
-0.025	3.76792e-05
1.77636e-15	0
