-14.975	-0.00357893
-14.95	-0.00363783
-14.925	-0.00369695
-14.9	-0.00375629
-14.875	-0.00381583
-14.85	-0.00387558
-14.825	-0.00393554
-14.8	-0.0039957
-14.775	-0.00405607
-14.75	-0.00411664
-14.725	-0.0041774
-14.7	-0.00423836
-14.675	-0.00429952
-14.65	-0.00436086
-14.625	-0.0044224
-14.6	-0.00448411
-14.575	-0.00454602
-14.55	-0.0046081
-14.525	-0.00467036
-14.5	-0.0047328
-14.475	-0.00479542
-14.45	-0.0048582
-14.425	-0.00492115
-14.4	-0.00498426
-14.375	-0.00504754
-14.35	-0.00511098
-14.325	-0.00517457
-14.3	-0.00523831
-14.275	-0.00530221
-14.25	-0.00536625
-14.225	-0.00543044
-14.2	-0.00549476
-14.175	-0.00555924
-14.15	-0.00562384
-14.125	-0.00568857
-14.1	-0.00575343
-14.075	-0.00581842
-14.05	-0.00588353
-14.025	-0.00594875
-14	-0.00601409
-13.975	-0.00607955
-13.95	-0.00614511
-13.925	-0.00621078
-13.9	-0.00627654
-13.875	-0.0063424
-13.85	-0.00640836
-13.825	-0.00647441
-13.8	-0.00654053
-13.775	-0.00660675
-13.75	-0.00667304
-13.725	-0.0067394
-13.7	-0.00680584
-13.675	-0.00687234
-13.65	-0.0069389
-13.625	-0.00700552
-13.6	-0.0070722
-13.575	-0.00713892
-13.55	-0.00720569
-13.525	-0.0072725
-13.5	-0.00733934
-13.475	-0.00740622
-13.45	-0.00747311
-13.425	-0.00754004
-13.4	-0.00760697
-13.375	-0.00767393
-13.35	-0.00774088
-13.325	-0.00780784
-13.3	-0.00787479
-13.275	-0.00794174
-13.25	-0.00800868
-13.225	-0.00807559
-13.2	-0.00814248
-13.175	-0.00820934
-13.15	-0.00827617
-13.125	-0.00834295
-13.1	-0.00840969
-13.075	-0.00847638
-13.05	-0.00854301
-13.025	-0.00860957
-13	-0.00867606
-12.975	-0.00874248
-12.95	-0.00880882
-12.925	-0.00887507
-12.9	-0.00894123
-12.875	-0.00900728
-12.85	-0.00907323
-12.825	-0.00913906
-12.8	-0.00920478
-12.775	-0.00927038
-12.75	-0.00933583
-12.725	-0.00940116
-12.7	-0.00946634
-12.675	-0.00953136
-12.65	-0.00959623
-12.625	-0.00966094
-12.6	-0.00972546
-12.575	-0.00978982
-12.55	-0.009854
-12.525	-0.00991797
-12.5	-0.00998175
-12.475	-0.0100453
-12.45	-0.0101087
-12.425	-0.0101718
-12.4	-0.0102347
-12.375	-0.0102974
-12.35	-0.0103598
-12.325	-0.010422
-12.3	-0.0104839
-12.275	-0.0105456
-12.25	-0.010607
-12.225	-0.0106681
-12.2	-0.0107289
-12.175	-0.0107895
-12.15	-0.0108497
-12.125	-0.0109096
-12.1	-0.0109692
-12.075	-0.0110284
-12.05	-0.0110874
-12.025	-0.011146
-12	-0.0112042
-11.975	-0.0112621
-11.95	-0.0113196
-11.925	-0.0113767
-11.9	-0.0114335
-11.875	-0.0114899
-11.85	-0.0115458
-11.825	-0.0116014
-11.8	-0.0116565
-11.775	-0.0117113
-11.75	-0.0117656
-11.725	-0.0118194
-11.7	-0.0118728
-11.675	-0.0119258
-11.65	-0.0119783
-11.625	-0.0120303
-11.6	-0.0120819
-11.575	-0.0121329
-11.55	-0.0121835
-11.525	-0.0122336
-11.5	-0.0122831
-11.475	-0.0123321
-11.45	-0.0123807
-11.425	-0.0124286
-11.4	-0.0124761
-11.375	-0.012523
-11.35	-0.0125693
-11.325	-0.0126151
-11.3	-0.0126603
-11.275	-0.0127049
-11.25	-0.0127489
-11.225	-0.0127924
-11.2	-0.0128352
-11.175	-0.0128774
-11.15	-0.0129191
-11.125	-0.01296
-11.1	-0.0130004
-11.075	-0.0130401
-11.05	-0.0130792
-11.025	-0.0131176
-11	-0.0131553
-10.975	-0.0131924
-10.95	-0.0132288
-10.925	-0.0132645
-10.9	-0.0132995
-10.875	-0.0133338
-10.85	-0.0133673
-10.825	-0.0134002
-10.8	-0.0134323
-10.775	-0.0134637
-10.75	-0.0134944
-10.725	-0.0135243
-10.7	-0.0135534
-10.675	-0.0135817
-10.65	-0.0136093
-10.625	-0.0136361
-10.6	-0.0136621
-10.575	-0.0136872
-10.55	-0.0137116
-10.525	-0.0137351
-10.5	-0.0137578
-10.475	-0.0137796
-10.45	-0.0138006
-10.425	-0.0138207
-10.4	-0.0138399
-10.375	-0.0138583
-10.35	-0.0138757
-10.325	-0.0138922
-10.3	-0.0139078
-10.275	-0.0139224
-10.25	-0.0139361
-10.225	-0.0139488
-10.2	-0.0139605
-10.175	-0.0139713
-10.15	-0.013981
-10.125	-0.0139897
-10.1	-0.0139974
-10.075	-0.014004
-10.05	-0.0140096
-10.025	-0.014014
-10	-0.0140174
-9.975	-0.0140196
-9.95	-0.0140207
-9.925	-0.0140207
-9.9	-0.0140195
-9.875	-0.014017
-9.85	-0.0140134
-9.825	-0.0140085
-9.8	-0.0140024
-9.775	-0.013995
-9.75	-0.0139862
-9.725	-0.0139762
-9.7	-0.0139648
-9.675	-0.013952
-9.65	-0.0139379
-9.625	-0.0139223
-9.6	-0.0139052
-9.575	-0.0138867
-9.55	-0.0138667
-9.525	-0.0138451
-9.5	-0.013822
-9.475	-0.0137972
-9.45	-0.0137709
-9.425	-0.0137428
-9.4	-0.0137131
-9.375	-0.0136817
-9.35	-0.0136485
-9.325	-0.0136135
-9.3	-0.0135766
-9.275	-0.0135379
-9.25	-0.0134973
-9.225	-0.0134547
-9.2	-0.0134101
-9.175	-0.0133635
-9.15	-0.0133149
-9.125	-0.0132641
-9.1	-0.0132112
-9.075	-0.013156
-9.05	-0.0130986
-9.025	-0.013039
-9	-0.0129769
-8.975	-0.0129125
-8.95	-0.0128457
-8.925	-0.0127763
-8.9	-0.0127045
-8.875	-0.01263
-8.85	-0.0125529
-8.825	-0.012473
-8.8	-0.0123905
-8.775	-0.0123051
-8.75	-0.0122169
-8.725	-0.0121257
-8.7	-0.0120315
-8.675	-0.0119344
-8.65	-0.0118341
-8.625	-0.0117306
-8.6	-0.011624
-8.575	-0.011514
-8.55	-0.0114007
-8.525	-0.0112841
-8.5	-0.0111639
-8.475	-0.0110402
-8.45	-0.0109129
-8.425	-0.0107819
-8.4	-0.0106473
-8.375	-0.0105088
-8.35	-0.0103664
-8.325	-0.0102202
-8.3	-0.0100699
-8.275	-0.00991562
-8.25	-0.00975718
-8.225	-0.00959456
-8.2	-0.00942768
-8.175	-0.00925646
-8.15	-0.00908087
-8.125	-0.00890082
-8.1	-0.00871624
-8.075	-0.00852708
-8.05	-0.00833327
-8.025	-0.00813474
-8	-0.00793143
-7.975	-0.00772327
-7.95	-0.0075102
-7.925	-0.00729217
-7.9	-0.00706911
-7.875	-0.00684096
-7.85	-0.00660766
-7.825	-0.00636915
-7.8	-0.00612538
-7.775	-0.00587629
-7.75	-0.00562183
-7.725	-0.00536195
-7.7	-0.00509659
-7.675	-0.00482572
-7.65	-0.00454927
-7.625	-0.00426722
-7.6	-0.00397951
-7.575	-0.0036861
-7.55	-0.00338696
-7.525	-0.00308205
-7.5	-0.00277134
-7.475	-0.00245479
-7.45	-0.00213238
-7.425	-0.00180408
-7.4	-0.00146988
-7.375	-0.00112974
-7.35	-0.000783682
-7.325	-0.000431621
-7.3	-7.36453e-05
-7.275	0.000290352
-7.25	0.000660309
-7.225	0.00103626
-7.2	0.00141819
-7.175	0.00180609
-7.15	0.00219988
-7.125	0.00259973
-7.1	0.00300541
-7.075	0.00341706
-7.05	0.00383456
-7.025	0.00425788
-7	0.00468705
-6.975	0.00512199
-6.95	0.00556267
-6.925	0.00600899
-6.9	0.00646101
-6.875	0.00691855
-6.85	0.00738161
-6.825	0.00785016
-6.8	0.00832407
-6.775	0.00880329
-6.75	0.00928774
-6.725	0.00977736
-6.7	0.010272
-6.675	0.0107717
-6.65	0.0112762
-6.625	0.0117856
-6.6	0.0122995
-6.575	0.0128181
-6.55	0.0133411
-6.525	0.0138684
-6.5	0.0144
-6.475	0.0149356
-6.45	0.0154753
-6.425	0.0160188
-6.4	0.016566
-6.375	0.0171167
-6.35	0.0176709
-6.325	0.0182282
-6.3	0.0187888
-6.275	0.0193522
-6.25	0.0199185
-6.225	0.0204875
-6.2	0.0210589
-6.175	0.0216324
-6.15	0.0222085
-6.125	0.0227863
-6.1	0.0233657
-6.075	0.0239472
-6.05	0.0245296
-6.025	0.0251135
-6	0.0256985
-5.975	0.0262843
-5.95	0.0268708
-5.925	0.0274578
-5.9	0.0280451
-5.875	0.0286324
-5.85	0.0292197
-5.825	0.0298067
-5.8	0.0303932
-5.775	0.030979
-5.75	0.0315639
-5.725	0.0321477
-5.7	0.0327302
-5.675	0.0333112
-5.65	0.0338904
-5.625	0.0344678
-5.6	0.035043
-5.575	0.0356159
-5.55	0.0361862
-5.525	0.0367538
-5.5	0.0373184
-5.475	0.0378799
-5.45	0.038438
-5.425	0.0389924
-5.4	0.0395431
-5.375	0.0400898
-5.35	0.0406322
-5.325	0.0411703
-5.3	0.0417036
-5.275	0.0422322
-5.25	0.0427556
-5.225	0.0432738
-5.2	0.0437865
-5.175	0.0442934
-5.15	0.0447945
-5.125	0.0452894
-5.1	0.045778
-5.075	0.04626
-5.05	0.0467352
-5.025	0.0472035
-5	0.0476645
-4.975	0.0481181
-4.95	0.0485641
-4.925	0.0490022
-4.9	0.0494322
-4.875	0.0498539
-4.85	0.0502671
-4.825	0.0506715
-4.8	0.0510669
-4.775	0.0514532
-4.75	0.05183
-4.725	0.0521972
-4.7	0.0525544
-4.675	0.0529016
-4.65	0.0532384
-4.625	0.0535646
-4.6	0.05388
-4.575	0.0541844
-4.55	0.0544774
-4.525	0.0547589
-4.5	0.0550287
-4.475	0.0552864
-4.45	0.0555318
-4.425	0.0557648
-4.4	0.055985
-4.375	0.0561922
-4.35	0.0563861
-4.325	0.0565666
-4.3	0.0567333
-4.275	0.056886
-4.25	0.0570245
-4.225	0.0571485
-4.2	0.0572577
-4.175	0.057352
-4.15	0.057431
-4.125	0.0574945
-4.1	0.0575423
-4.075	0.0575741
-4.05	0.0575897
-4.025	0.0575888
-4	0.0575712
-3.975	0.0575367
-3.95	0.057485
-3.925	0.0574159
-3.9	0.0573292
-3.875	0.0572246
-3.85	0.057102
-3.825	0.056961
-3.8	0.0568016
-3.775	0.0566236
-3.75	0.0564266
-3.725	0.0562107
-3.7	0.0559754
-3.675	0.0557208
-3.65	0.0554467
-3.625	0.0551528
-3.6	0.0548391
-3.575	0.0545054
-3.55	0.0541516
-3.525	0.0537777
-3.5	0.0533834
-3.475	0.0529688
-3.45	0.0525337
-3.425	0.0520782
-3.4	0.0516021
-3.375	0.0511055
-3.35	0.0505883
-3.325	0.0500506
-3.3	0.0494923
-3.275	0.0489136
-3.25	0.0483145
-3.225	0.047695
-3.2	0.0470553
-3.175	0.0463955
-3.15	0.0457158
-3.125	0.0450162
-3.1	0.044297
-3.075	0.0435584
-3.05	0.0428006
-3.025	0.0420238
-3	0.0412284
-2.975	0.0404146
-2.95	0.0395827
-2.925	0.0387331
-2.9	0.0378662
-2.875	0.0369823
-2.85	0.0360819
-2.825	0.0351653
-2.8	0.0342332
-2.775	0.0332858
-2.75	0.0323239
-2.725	0.0313478
-2.7	0.0303582
-2.675	0.0293556
-2.65	0.0283407
-2.625	0.0273141
-2.6	0.0262765
-2.575	0.0252286
-2.55	0.024171
-2.525	0.0231045
-2.5	0.0220298
-2.475	0.0209478
-2.45	0.0198592
-2.425	0.0187649
-2.4	0.0176656
-2.375	0.0165623
-2.35	0.0154558
-2.325	0.0143471
-2.3	0.013237
-2.275	0.0121265
-2.25	0.0110166
-2.225	0.00990812
-2.2	0.00880214
-2.175	0.00769963
-2.15	0.0066016
-2.125	0.00550905
-2.1	0.00442302
-2.075	0.00334453
-2.05	0.00227463
-2.025	0.00121435
-2	0.000164742
-1.975	-0.000873144
-1.95	-0.00189826
-1.925	-0.00290955
-1.9	-0.00390597
-1.875	-0.00488648
-1.85	-0.00585004
-1.825	-0.00679562
-1.8	-0.00772219
-1.775	-0.00862875
-1.75	-0.00951429
-1.725	-0.0103778
-1.7	-0.0112184
-1.675	-0.012035
-1.65	-0.0128268
-1.625	-0.0135928
-1.6	-0.0143321
-1.575	-0.0150439
-1.55	-0.0157274
-1.525	-0.0163817
-1.5	-0.017006
-1.475	-0.0175996
-1.45	-0.0181618
-1.425	-0.0186919
-1.4	-0.0191892
-1.375	-0.0196532
-1.35	-0.0200834
-1.325	-0.0204791
-1.3	-0.0208399
-1.275	-0.0211653
-1.25	-0.021455
-1.225	-0.0217087
-1.2	-0.021926
-1.175	-0.0221067
-1.15	-0.0222506
-1.125	-0.0223576
-1.1	-0.0224276
-1.075	-0.0224605
-1.05	-0.0224564
-1.025	-0.0224154
-1	-0.0223375
-0.975	-0.0222231
-0.95	-0.0220722
-0.925	-0.0218853
-0.9	-0.0216626
-0.875	-0.0214047
-0.85	-0.021112
-0.825	-0.0207849
-0.8	-0.0204242
-0.775	-0.0200304
-0.75	-0.0196043
-0.725	-0.0191466
-0.7	-0.018658
-0.675	-0.0181396
-0.65	-0.0175921
-0.625	-0.0170165
-0.6	-0.0164139
-0.575	-0.0157854
-0.55	-0.015132
-0.525	-0.0144548
-0.5	-0.0137551
-0.475	-0.0130341
-0.45	-0.0122931
-0.425	-0.0115333
-0.4	-0.0107561
-0.375	-0.00996284
-0.35	-0.00915501
-0.325	-0.00833405
-0.3	-0.00750138
-0.275	-0.00665843
-0.25	-0.00580659
-0.225	-0.00494573
-0.2	-0.00408019
-0.175	-0.00321221
-0.15	-0.00234001
-0.125	-0.00146619
-0.1	-0.000593678
-0.075	0.000277705
-0.05	0.00114506
-0.025	0.00200974
1.77636e-15	0
